2.833614355490841202e-02
2.825931348034223939e-02
2.818355991704608182e-02
2.810864033778569249e-02
2.803451341970158300e-02
2.796136173462507313e-02
2.788961052260204715e-02
2.781994347834847864e-02
2.775331766619287127e-02
2.769098099053168838e-02
2.763449697584830639e-02
2.758578284403129244e-02
2.754716792514957935e-02
2.752148024016300848e-02
2.751216963126617773e-02
2.752347611746100431e-02
2.756065230088640752e-02
2.763024877558133835e-02
2.774047177438708142e-02
2.790162295345724811e-02
2.812663251499654404e-02
2.843169909269373241e-02
2.883705327283577965e-02
2.936786660005037686e-02
3.005533470072345448e-02
3.093797197790879722e-02
3.206316632976739106e-02
3.348905553652072736e-02
3.528680221185149374e-02
3.754336120979665653e-02
4.036485159969981085e-02
4.388066398574309857e-02
4.824845184544358095e-02
5.366017071892450335e-02
6.034933813633944905e-02
6.859968439991090405e-02
7.875534030986609813e-02
9.123264787613660776e-02
1.065335621335375960e-01
1.252604057341904498e-01
1.481314021990653429e-01
1.759958968817044167e-01
2.098474153181295043e-01
2.508316401576410337e-01
3.002449509128429783e-01
3.595173391925866047e-01
4.301713443726135067e-01
5.137463890183342485e-01
6.116761057452573258e-01
7.251060656324908038e-01
8.546426090282861487e-01
1.000032789475985950e+00
1.159793360962399600e+00
1.330834370853898996e+00
1.508157458683123231e+00
1.684741086173432212e+00
1.851737814965112694e+00
1.999081479095078606e+00
2.116519781494475616e+00
2.194956958049476992e+00
2.227850965437743191e+00
2.212325326765177458e+00
2.149686178931283997e+00
2.045190399125382807e+00
1.907133563017546329e+00
1.745519348535614856e+00
1.570655120781075276e+00
1.391974267284855848e+00
1.217258403672795364e+00
1.052290260750603945e+00
9.008635782811369452e-01
7.650286978182375686e-01
6.454528929756555566e-01
5.418019613737417028e-01
4.530847736187935126e-01
3.779332131433330577e-01
3.148114884189949780e-01
2.621612023605102704e-01
2.184940075575562135e-01
1.824447124267956077e-01
1.527964174213666815e-01
1.284870559670923673e-01
1.086044001105182094e-01
9.237455442581539444e-02
7.914733690399054777e-02
6.838073115279877379e-02
5.962573053148233215e-02
5.251230590031920331e-02
4.673684291506621791e-02
4.205115299501705622e-02
3.825301875420112491e-02
3.517815661349949635e-02
3.269344317318381016e-02
3.069124179218645984e-02
2.908467107263128237e-02
2.780367063767471419e-02
2.679173723724155229e-02
2.600322296425534863e-02
2.540110541794405458e-02
2.495515591425373492e-02
2.464044569816898483e-02
2.443614128919810446e-02
2.432454859048867671e-02
2.429037143272398669e-02
2.432015419540118489e-02
2.440188055921282267e-02
2.452470186402648522e-02
2.467876954471633771e-02
2.485514719322421545e-02
2.504577933018921343e-02
2.524349618377298710e-02
2.544203671040237702e-02
2.563607562649351801e-02
2.582124408933966775e-02
2.599413752172236025e-02
2.615230754926367585e-02
2.629423778680181623e-02
2.641930504550735193e-02
2.652772835164290965e-02
2.662050804201221421e-02
2.669935634647532807e-02
2.676661961041823523e-02
2.682519103166966512e-02
2.687841186126291304e-02
2.692995874895093289e-02
2.698371548299657863e-02
2.704362880433290595e-02
2.711355012944727250e-02
2.719706761124820321e-02
2.729733561710060569e-02
2.741691097883996314e-02
2.755760686464038545e-02
2.772037551825840690e-02
2.790523022774224482e-02
2.811121471452885517e-02
2.833642484401350387e-02
2.857808347786223307e-02
2.883266486091862202e-02
2.909606066377661698e-02
2.936377617932461881e-02
2.963114261696586649e-02
2.989353024215716387e-02
3.014654739666042596e-02
3.038621215323651648e-02
3.060908628663725969e-02
3.081236502520764281e-02
3.099392024375544410e-02
3.115229890191090548e-02
3.128668218947421031e-02
3.139681366237488669e-02
3.148290641286641267e-02
3.154553992858487310e-02
3.158555680891957096e-02
3.160396809452577921e-02
3.160187388301007733e-02
3.158040345142141408e-02
3.154067658676450864e-02
3.148378550663249315e-02
3.141079483783866533e-02
3.132275573842997762e-02
3.122072944484865359e-02
3.110581527802638163e-02
3.097917837376010924e-02
3.084207300632602761e-02
3.069585823238500655e-02
3.054200358467457771e-02
3.038208360051691814e-02
3.021776101076552312e-02
3.005075939380327799e-02
2.988282698468980314e-02
2.971569409603386225e-02
2.955102722763799927e-02
2.939038338330032807e-02
2.923516833562417316e-02
2.908660254142778068e-02
2.894569807558813879e-02
2.881324930069834034e-02
2.868983903135413627e-02
2.857586072735052163e-02
2.847155583929250611e-02
2.837706394773231722e-02
2.829248192354627545e-02
2.821792714532855850e-02
2.815359898562941332e-02
2.809983244367886268e-02
2.805713803737741596e-02
2.802622289597178629e-02
2.800798937844506398e-02
2.800350938026330283e-02
2.801397462692722939e-02
2.804062549068198074e-02
2.808466298998624211e-02
2.814715042531190647e-02
2.822891237976821177e-02
2.833043942501811685e-02
2.845180673999125887e-02
2.859261396178569559e-02
2.875195200915514615e-02
2.892840048243633388e-02
2.912005674011386436e-02
2.932459511048246537e-02
2.953935216258363194e-02
2.976143177140891383e-02
2.998782207444933290e-02
3.021551548392889530e-02
3.044162277764078661e-02
3.066347295072881229e-02
3.087869190320473300e-02
3.108525502521371914e-02
3.128151112997319683e-02
3.146617774301767312e-02
3.163831024394282709e-02
3.179724954372654955e-02
3.194255467251170405e-02
3.207392770846435870e-02
3.219113882247397196e-02
3.229395884081373569e-02
3.238210570072946187e-02
3.245520961276903565e-02
3.251279981236104150e-02
3.255431367110132174e-02
3.257912684113071361e-02
3.258660120777968905e-02
3.257614588278340967e-02
3.254728540005218107e-02
3.249972874883555463e-02
3.243343291625653407e-02
3.234865518557469843e-02
3.224598947786515984e-02
3.212638342729652596e-02
3.199113451250620854e-02
3.184186528299333407e-02
3.168047937197135400e-02
3.150910143737174068e-02
3.133000530335829092e-02
3.114553529940466275e-02
3.095802606488950309e-02
3.076972589946931624e-02
3.058272813210076435e-02
3.039891403333694342e-02
3.021990961725705416e-02
3.004705740202606723e-02
2.988140295811253511e-02
2.972369499690974415e-02
2.957439694123190077e-02
2.943370743712028781e-02
2.930158713352254418e-02
2.917778924673275487e-02
2.906189187306931765e-02
2.895333061885466130e-02
2.885143076873400436e-02
2.875543880101330552e-02
2.866455349002577924e-02
2.857795705115620533e-02
2.849484676612908107e-02
2.841446730028085454e-02
