6.122623476313571178e-02
5.971770809804736319e-02
5.850102541899594721e-02
5.752857936320801557e-02
5.676063428122588711e-02
5.616402804963580020e-02
5.571106232332418556e-02
5.537855483697796261e-02
5.514703238231981330e-02
5.500004712215764840e-02
5.492360196106958747e-02
5.490567286465519725e-02
5.493581744809988843e-02
5.500486001219515031e-02
5.510464366944797798e-02
5.522784044239999190e-02
5.536781037566231023e-02
5.551850089718197989e-02
5.567437797472904459e-02
5.583038109090907725e-02
5.598189472706896486e-02
5.612472990410005691e-02
5.625511036047334268e-02
5.636965912641637988e-02
5.646538253926200457e-02
5.653965009022972332e-02
5.659016983826026248e-02
5.661496040169292088e-02
5.661232166231211504e-02
5.658080719937522152e-02
5.651920202307367247e-02
5.642650931523324198e-02
5.630194954903089410e-02
5.614497452323785609e-02
5.595529753180095156e-02
5.573293917477506465e-02
5.547828633870754977e-02
5.519215982355263339e-02
5.487588419711353360e-02
5.453135196019909259e-02
5.416107323578506216e-02
5.376820213817529170e-02
5.335653184388794434e-02
5.293045218825037646e-02
5.249486625490137892e-02
5.205506570659490517e-02
5.161656823042115594e-02
5.118492408246745617e-02
5.076550193756623752e-02
5.036326672367585910e-02
4.998256355962643616e-02
4.962692213665720331e-02
4.929889483615879087e-02
4.899993964599924645e-02
4.873035574475148568e-02
4.848927579182227277e-02
4.827471488282986112e-02
4.808367221270082315e-02
4.791227811056086860e-02
4.775597656942209834e-02
4.760973187606887258e-02
4.746824750710565421e-02
4.732618601841420691e-02
4.717838002557683819e-02
4.702002627928775907e-02
4.684685697216925404e-02
4.665528447140238066e-02
4.644251740893494407e-02
4.620664731924897795e-02
4.594670574187673801e-02
4.566269195745158854e-02
4.535557144811701996e-02
4.502724497072935206e-02
4.468048802826299348e-02
4.431886072039067925e-02
4.394658858497217657e-02
4.356841615474277285e-02
4.318943649293965903e-02
4.281490178705898986e-02
4.245002194661787187e-02
4.209975980467214884e-02
4.176863270220881885e-02
4.146053072181168919e-02
4.117856149405652033e-02
4.092493029140606420e-02
4.070086212481172083e-02
4.050656994401319322e-02
4.034127006754423261e-02
4.020324292921906295e-02
4.008993442331637569e-02
3.999809082236749358e-02
3.992391862070726605e-02
3.986325982319427474e-02
3.981177315184164511e-02
3.976511229165602401e-02
3.971909347703789228e-02
3.966984622563629603e-02
3.961394264281020705e-02
3.954850225581119094e-02
3.947127065135308532e-02
3.938067120831495460e-02
3.927582993414538426e-02
3.915657388665166883e-02
3.902340399446149743e-02
3.887744340173121538e-02
3.872036287149202560e-02
3.855428537220273455e-02
3.838167277943950462e-02
3.820519862644074227e-02
3.802761195276209427e-02
3.785159840114955820e-02
3.767964564056047044e-02
3.751392078253454332e-02
3.735616756034296909e-02
3.720763054625511601e-02
3.706901253938458402e-02
3.694046947986123763e-02
3.682164491977718557e-02
3.671174335794760712e-02
3.660963882759753207e-02
3.651401225256487026e-02
3.642350851122129474e-02
3.633690211142104332e-02
3.625325909529222845e-02
3.617208241752628561e-02
3.609342866291662122e-02
3.601798559502658592e-02
3.594710257846722712e-02
3.588276922898381294e-02
3.582754148086333273e-02
3.578441832539673573e-02
3.575667643844201993e-02
3.574767344415443610e-02
3.576063334356618939e-02
3.579842941150367802e-02
3.586338045264699653e-02
3.595707562542979630e-02
3.608024111914762827e-02
3.623265894468293002e-02
3.641314421403722690e-02
3.661958286148461750e-02
3.684902717563998120e-02
3.709784216104397570e-02
3.736189200436897118e-02
3.763675310251163308e-02
3.791793844928282448e-02
3.820111779658733053e-02
3.848231890727745602e-02
3.875809728414192357e-02
3.902566477210461793e-02
3.928297108825642980e-02
3.952873628892768221e-02
3.976243607574095340e-02
3.998424533930548808e-02
4.019494816218449618e-02
4.039582445443165581e-02
4.058852437194637730e-02
4.077494166416981147e-02
4.095709619775625421e-02
4.113703426641146521e-02
4.131675313737426247e-02
4.149815384440219690e-02
4.168302376240262674e-02
4.187304821863629956e-02
4.206984850193268288e-02
4.227504226742415105e-02
4.249032158632137790e-02
4.271754378686118403e-02
4.295883074848244609e-02
4.321667337547593912e-02
4.349403948334007453e-02
4.379448515446697499e-02
4.412227162661881696e-02
4.448249184277590362e-02
4.488121280984914974e-02
4.532564181348940763e-02
4.582432628283669707e-02
4.638739870134522825e-02
4.702687946880992897e-02
4.775705212356656792e-02
4.859492694888203901e-02
4.956081084554875282e-02
5.067900358565552432e-02
5.197864328536255796e-02
5.349472722692050208e-02
5.526933804662453875e-02
5.735310973355345343e-02
5.980697269802620619e-02
6.270422207461634478e-02
6.613295794021673002e-02
7.019894951073890610e-02
7.502897652252354943e-02
8.077469828219357995e-02
8.761709193192054879e-02
9.577148297209925332e-02
1.054931582963155173e-01
1.170834984254609246e-01
1.308964825356562500e-01
1.473452958650700584e-01
1.669085899413778884e-01
1.901356951452784494e-01
2.176497448482475894e-01
2.501472257719696834e-01
2.883919147730645838e-01
3.332005136133562861e-01
3.854166057439233906e-01
4.458689538228816640e-01
5.153098527651935878e-01
5.943295988489166737e-01
6.832446204206102935e-01
7.819600322940265524e-01
8.898128817030370730e-01
1.005410386368670750e+00
1.126487492801570678e+00
1.249818272839614774e+00
1.371222543698892071e+00
1.485707784971733059e+00
1.587772111050459678e+00
1.671864585861981389e+00
1.732958110241603400e+00
1.767148310531465816e+00
1.772165234497176112e+00
1.747687699468654099e+00
1.695387632292397306e+00
1.618694034926621894e+00
1.522332100755523054e+00
1.411739586161313120e+00
1.292476082875263721e+00
1.169722040518617279e+00
1.047925592141366380e+00
9.306126597820811863e-01
8.203421871520673037e-01
7.187694012773240271e-01
6.267750973166534845e-01
5.446238063761446035e-01
4.721233141858848792e-01
4.087683530184610392e-01
3.538600417019726052e-01
3.065989121976802068e-01
2.661532007455992277e-01
2.317060099619310254e-01
2.024855767757074987e-01
1.777827378935828706e-01
1.569591550089885768e-01
1.394491951032816590e-01
1.247577002518792111e-01
1.124552976658191594e-01
1.021724208862441891e-01
9.359283845160284998e-02
8.644720572632151601e-02
8.050695277877661926e-02
7.557867954608796235e-02
7.149913400273927300e-02
6.813078719434287334e-02
6.535798103868781239e-02
6.308360339920676685e-02
