6.122623476313718283e-02
5.971770809804919505e-02
5.850102541899820235e-02
5.752857936321064541e-02
5.676063428122906512e-02
5.616402804963932516e-02
5.571106232332824482e-02
5.537855483698235493e-02
5.514703238232460114e-02
5.500004712216259584e-02
5.492360196107481940e-02
5.490567286466072755e-02
5.493581744810564771e-02
5.500486001220082632e-02
5.510464366945380665e-02
5.522784044240595935e-02
5.536781037566812502e-02
5.551850089718773917e-02
5.567437797473473449e-02
5.583038109091459367e-02
5.598189472707432168e-02
5.612472990410502516e-02
5.625511036047831093e-02
5.636965912642100118e-02
5.646538253926636219e-02
5.653965009023370625e-02
5.659016983826364866e-02
5.661496040169600175e-02
5.661232166231466856e-02
5.658080719937719216e-02
5.651920202307536556e-02
5.642650931523396363e-02
5.630194954903111615e-02
5.614497452323724547e-02
5.595529753180006338e-02
5.573293917477345483e-02
5.547828633870541259e-02
5.519215982355016314e-02
5.487588419711086907e-02
5.453135196019581743e-02
5.416107323578184252e-02
5.376820213817193328e-02
5.335653184388441939e-02
5.293045218824690701e-02
5.249486625489782621e-02
5.205506570659121368e-02
5.161656823041743669e-02
5.118492408246364672e-02
5.076550193756235174e-02
5.036326672367185536e-02
4.998256355962234221e-02
4.962692213665286650e-02
4.929889483615437773e-02
4.899993964599413943e-02
4.873035574474623988e-02
4.848927579181670777e-02
4.827471488282409490e-02
4.808367221269443936e-02
4.791227811055438768e-02
4.775597656941521496e-02
4.760973187606196838e-02
4.746824750709847940e-02
4.732618601840723332e-02
4.717838002556970500e-02
4.702002627928084794e-02
4.684685697216242617e-02
4.665528447139593443e-02
4.644251740892865743e-02
4.620664731924313540e-02
4.594670574187113832e-02
4.566269195744646764e-02
4.535557144811210029e-02
4.502724497072507770e-02
4.468048802825907995e-02
4.431886072038720981e-02
4.394658858496930387e-02
4.356841615474041363e-02
4.318943649293782716e-02
4.281490178705776861e-02
4.245002194661706696e-02
4.209975980467189904e-02
4.176863270220892987e-02
4.146053072181221655e-02
4.117856149405724198e-02
4.092493029140720218e-02
4.070086212481294208e-02
4.050656994401458100e-02
4.034127006754584244e-02
4.020324292922072829e-02
4.008993442331831858e-02
3.999809082236960300e-02
3.992391862070954200e-02
3.986325982319671724e-02
3.981177315184414311e-02
3.976511229165835548e-02
3.971909347704039028e-02
3.966984622563884955e-02
3.961394264281314914e-02
3.954850225581418854e-02
3.947127065135591639e-02
3.938067120831811874e-02
3.927582993414835411e-02
3.915657388665472194e-02
3.902340399446468933e-02
3.887744340173443502e-02
3.872036287149527300e-02
3.855428537220584317e-02
3.838167277944268263e-02
3.820519862644389253e-02
3.802761195276524453e-02
3.785159840115268071e-02
3.767964564056369703e-02
3.751392078253779072e-02
3.735616756034625119e-02
3.720763054625832178e-02
3.706901253938775509e-02
3.694046947986434626e-02
3.682164491978041909e-02
3.671174335795060473e-02
3.660963882760055743e-02
3.651401225256757643e-02
3.642350851122397315e-02
3.633690211142331927e-02
3.625325909529431012e-02
3.617208241752807585e-02
3.609342866291822410e-02
3.601798559502782104e-02
3.594710257846804591e-02
3.588276922898422927e-02
3.582754148086355478e-02
3.578441832539649287e-02
3.575667643844155502e-02
3.574767344415360343e-02
3.576063334356505141e-02
3.579842941150217228e-02
3.586338045264517160e-02
3.595707562542777014e-02
3.608024111914545640e-02
3.623265894468034876e-02
3.641314421403448603e-02
3.661958286148171704e-02
3.684902717563688646e-02
3.709784216104067278e-02
3.736189200436552948e-02
3.763675310250796935e-02
3.791793844927932033e-02
3.820111779658347251e-02
3.848231890727399351e-02
3.875809728413820432e-02
3.902566477210098195e-02
3.928297108825290485e-02
3.952873628892428215e-02
3.976243607573770600e-02
3.998424533930250435e-02
4.019494816218188715e-02
4.039582445442924108e-02
4.058852437194426788e-02
4.077494166416817389e-02
4.095709619775478316e-02
4.113703426641046601e-02
4.131675313737337429e-02
4.149815384440141974e-02
4.168302376240218265e-02
4.187304821863618853e-02
4.206984850193243308e-02
4.227504226742392901e-02
4.249032158632126688e-02
4.271754378686076770e-02
4.295883074848222405e-02
4.321667337547555054e-02
4.349403948333949166e-02
4.379448515446610068e-02
4.412227162661777613e-02
4.448249184277458523e-02
4.488121280984756767e-02
4.532564181348775617e-02
4.582432628283475418e-02
4.638739870134311188e-02
4.702687946880752812e-02
4.775705212356407686e-02
4.859492694887918018e-02
4.956081084554582461e-02
5.067900358565236019e-02
5.197864328535932443e-02
5.349472722691709509e-02
5.526933804662119420e-02
5.735310973354984521e-02
5.980697269802277838e-02
6.270422207461281983e-02
6.613295794021331608e-02
7.019894951073543665e-02
7.502897652252055183e-02
8.077469828219061010e-02
8.761709193191821732e-02
9.577148297209725492e-02
1.054931582963141434e-01
1.170834984254602168e-01
1.308964825356565553e-01
1.473452958650713629e-01
1.669085899413806917e-01
1.901356951452827793e-01
2.176497448482536679e-01
2.501472257719778991e-01
2.883919147730750754e-01
3.332005136133692202e-01
3.854166057439391002e-01
4.458689538229003158e-01
5.153098527652153482e-01
5.943295988489416537e-01
6.832446204206383822e-01
7.819600322940577497e-01
8.898128817030706017e-01
1.005410386368706499e+00
1.126487492801607537e+00
1.249818272839651412e+00
1.371222543698927154e+00
1.485707784971765033e+00
1.587772111050486767e+00
1.671864585862002039e+00
1.732958110241617167e+00
1.767148310531471367e+00
1.772165234497173447e+00
1.747687699468643885e+00
1.695387632292380431e+00
1.618694034926599468e+00
1.522332100755496853e+00
1.411739586161284699e+00
1.292476082875234411e+00
1.169722040518588635e+00
1.047925592141339290e+00
9.306126597820562063e-01
8.203421871520452102e-01
7.187694012773044872e-01
6.267750973166369421e-01
5.446238063761306147e-01
4.721233141858732774e-01
4.087683530184517133e-01
3.538600417019649447e-01
3.065989121976742116e-01
2.661532007455945648e-01
2.317060099619272506e-01
2.024855767757043901e-01
1.777827378935802338e-01
1.569591550089862730e-01
1.394491951032796606e-01
1.247577002518773653e-01
1.124552976658176051e-01
1.021724208862427458e-01
9.359283845160158710e-02
8.644720572632037803e-02
8.050695277877582823e-02
7.557867954608733785e-02
7.149913400273888442e-02
6.813078719434303987e-02
6.535798103868835363e-02
6.308360339920780768e-02
