2.833614355492020120e-02
2.825931348035426449e-02
2.818355991705828734e-02
2.810864033779819637e-02
2.803451341971441302e-02
2.796136173463836805e-02
2.788961052261562656e-02
2.781994347836250214e-02
2.775331766620728335e-02
2.769098099054631557e-02
2.763449697586307929e-02
2.758578284404639147e-02
2.754716792516473389e-02
2.752148024017871814e-02
2.751216963128206433e-02
2.752347611747727602e-02
2.756065230090285617e-02
2.763024877559821374e-02
2.774047177440411988e-02
2.790162295347452595e-02
2.812663251501419659e-02
2.843169909271224538e-02
2.883705327285529529e-02
2.936786660007149191e-02
3.005533470074717162e-02
3.093797197793629605e-02
3.206316632979942793e-02
3.348905553655873168e-02
3.528680221189713778e-02
3.754336120985182768e-02
4.036485159976673648e-02
4.388066398582433914e-02
4.824845184554226590e-02
5.366017071904458785e-02
6.034933813648507561e-02
6.859968440008730461e-02
7.875534031007996871e-02
9.123264787639606688e-02
1.065335621338524552e-01
1.252604057345723665e-01
1.481314021995284724e-01
1.759958968822649128e-01
2.098474153188065461e-01
2.508316401584557154e-01
3.002449509138190864e-01
3.595173391937494523e-01
4.301713443739892395e-01
5.137463890199478467e-01
6.116761057471297169e-01
7.251060656346357547e-01
8.546426090307048806e-01
1.000032789478660700e+00
1.159793360965287068e+00
1.330834370856926130e+00
1.508157458686179675e+00
1.684741086176376745e+00
1.851737814967774565e+00
1.999081479097278180e+00
2.116519781496042807e+00
2.194956958050276796e+00
2.227850965437699227e+00
2.212325326764284839e+00
2.149686178929611557e+00
2.045190399123059333e+00
1.907133563014743238e+00
1.745519348532516446e+00
1.570655120777858293e+00
1.391974267281671285e+00
1.217258403669759126e+00
1.052290260747796635e+00
9.008635782786048596e-01
7.650286978159994700e-01
6.454528929737103349e-01
5.418019613720739258e-01
4.530847736173796991e-01
3.779332131421452301e-01
3.148114884180049367e-01
2.621612023596895935e-01
2.184940075568800044e-01
1.824447124262406073e-01
1.527964174209131554e-01
1.284870559667226630e-01
1.086044001102180329e-01
9.237455442557244989e-02
7.914733690379471831e-02
6.838073115264138579e-02
5.962573053135659246e-02
5.251230590021908895e-02
4.673684291498711452e-02
4.205115299495491843e-02
3.825301875415289959e-02
3.517815661346228306e-02
3.269344317315558274e-02
3.069124179216567438e-02
2.908467107261673845e-02
2.780367063766516628e-02
2.679173723723639322e-02
2.600322296425352370e-02
2.540110541794507459e-02
2.495515591425701701e-02
2.464044569817438329e-02
2.443614128920541806e-02
2.432454859049743012e-02
2.429037143273391278e-02
2.432015419541207202e-02
2.440188055922437246e-02
2.452470186403831603e-02
2.467876954472845996e-02
2.485514719323644872e-02
2.504577933020174507e-02
2.524349618378533833e-02
2.544203671041492254e-02
2.563607562650563332e-02
2.582124408935201898e-02
2.599413752173437842e-02
2.615230754927569401e-02
2.629423778681372337e-02
2.641930504551937009e-02
2.652772835165473353e-02
2.662050804202403809e-02
2.669935634648712419e-02
2.676661961042986482e-02
2.682519103168090613e-02
2.687841186127370996e-02
2.692995874896109143e-02
2.698371548300593226e-02
2.704362880434130201e-02
2.711355012945437792e-02
2.719706761125395555e-02
2.729733561710512291e-02
2.741691097884318973e-02
2.755760686464231446e-02
2.772037551825934365e-02
2.790523022774182849e-02
2.811121471452721066e-02
2.833642484401086015e-02
2.857808347785853464e-02
2.883266486091409786e-02
2.909606066377125322e-02
2.936377617931890116e-02
2.963114261696014884e-02
2.989353024215157112e-02
3.014654739665498934e-02
3.038621215323119434e-02
3.060908628663230185e-02
3.081236502520321580e-02
3.099392024375142995e-02
3.115229890190778297e-02
3.128668218947201762e-02
3.139681366237380422e-02
3.148290641286637104e-02
3.154553992858601802e-02
3.158555680892176365e-02
3.160396809452886702e-02
3.160187388301344269e-02
3.158040345142565375e-02
3.154067658676919933e-02
3.148378550663741282e-02
3.141079483784348786e-02
3.132275573843469607e-02
3.122072944485288631e-02
3.110581527803015639e-02
3.097917837376324215e-02
3.084207300632892113e-02
3.069585823238751149e-02
3.054200358467700632e-02
3.038208360051925655e-02
3.021776101076788928e-02
3.005075939380562333e-02
2.988282698469223175e-02
2.971569409603599943e-02
2.955102722764010870e-02
2.939038338330224320e-02
2.923516833562617157e-02
2.908660254142964030e-02
2.894569807558999841e-02
2.881324930070017221e-02
2.868983903135630120e-02
2.857586072735290861e-02
2.847155583929561473e-02
2.837706394773586993e-02
2.829248192355060532e-02
2.821792714533377655e-02
2.815359898563563057e-02
2.809983244368619015e-02
2.805713803738552059e-02
2.802622289598089012e-02
2.800798937845505598e-02
2.800350938027351688e-02
2.801397462693855367e-02
2.804062549069374910e-02
2.808466298999912070e-02
2.814715042532534017e-02
2.822891237978231160e-02
2.833043942503277179e-02
2.845180674000624688e-02
2.859261396180101666e-02
2.875195200917057825e-02
2.892840048245182150e-02
2.912005674012968504e-02
2.932459511049845258e-02
2.953935216259956364e-02
2.976143177142492879e-02
2.998782207446523684e-02
3.021551548394457720e-02
3.044162277765614932e-02
3.066347295074392520e-02
3.087869190321940183e-02
3.108525502522808265e-02
3.128151112998692890e-02
3.146617774303094028e-02
3.163831024395537261e-02
3.179724954373835955e-02
3.194255467252300751e-02
3.207392770847509317e-02
3.219113882248449132e-02
3.229395884082396362e-02
3.238210570073908612e-02
3.245520961277847255e-02
3.251279981236999961e-02
3.255431367110971780e-02
3.257912684113842272e-02
3.258660120778682917e-02
3.257614588278968243e-02
3.254728540005778770e-02
3.249972874884052981e-02
3.243343291626113456e-02
3.234865518557911157e-02
3.224598947786946196e-02
3.212638342730050195e-02
3.199113451251016371e-02
3.184186528299710883e-02
3.168047937197508712e-02
3.150910143737520319e-02
3.133000530336150363e-02
3.114553529940776444e-02
3.095802606489284070e-02
3.076972589947249426e-02
3.058272813210409502e-02
3.039891403334038511e-02
3.021990961726092606e-02
3.004705740203031383e-02
2.988140295811722580e-02
2.972369499691487893e-02
2.957439694123786822e-02
2.943370743712669935e-02
2.930158713352948308e-02
2.917778924674002683e-02
2.906189187307728350e-02
2.895333061886301573e-02
2.885143076874296941e-02
2.875543880102271466e-02
2.866455349003649289e-02
2.857795705116727980e-02
2.849484676614066903e-02
2.841446730029262291e-02
