3.578899277935549961e-01
3.491479375003246344e-01
3.408305426633466140e-01
3.329253705526138418e-01
3.254196603213122541e-01
3.183003819416219682e-01
3.115543412227260722e-01
3.051682718411812822e-01
2.991289153368412723e-01
2.934230900309636181e-01
2.880377498107451473e-01
2.829600336996513921e-01
2.781773070984542295e-01
2.736771955403665135e-01
2.694476117571765750e-01
2.654767768036465636e-01
2.617532359360835170e-01
2.582658698891426852e-01
2.550039021435070996e-01
2.519569027268676598e-01
2.491147890421577527e-01
2.464678241706825534e-01
2.440066130539298439e-01
2.417220969166177513e-01
2.396055462550343851e-01
2.376485526789816893e-01
2.358430198626238206e-01
2.341811538291929673e-01
2.326554527667325512e-01
2.312586965467291200e-01
2.299839360944822275e-01
2.288244827392252323e-01
2.277738976532076576e-01
2.268259814720288703e-01
2.259747641733137469e-01
2.252144952772355824e-01
2.245396344202427175e-01
2.239448423425271506e-01
2.234249723201857663e-01
2.229750620644863623e-01
2.225903261031516034e-01
2.222661486519252327e-01
2.219980769788737485e-01
2.217818152587696379e-01
2.216132189104567940e-01
2.214882894062493168e-01
2.214031695390729082e-01
2.213541391302226713e-01
2.213376111581827899e-01
2.213501282869339004e-01
2.213883597704942585e-01
2.214490987090991514e-01
2.215292596313706841e-01
2.216258763760378392e-01
2.217361002462523434e-01
2.218571984092344018e-01
2.219865525139028406e-01
2.221216574992640469e-01
2.222601205666384083e-01
2.223996602892853169e-01
2.225381058336409756e-01
2.226733962671845757e-01
2.228035799289084240e-01
2.229268138394504550e-01
2.230413631291821019e-01
2.231456004638720514e-01
2.232380054490087917e-01
2.233171639954184551e-01
2.233817676304620803e-01
2.234306127408204334e-01
2.234625997346880721e-01
2.234767321130459727e-01
2.234721154416035027e-01
2.234479562169423561e-01
2.234035606223704340e-01
2.233383331709748454e-01
2.232517752353521123e-01
2.231434834654604238e-01
2.230131480979826719e-01
2.228605511624900948e-01
2.226855645915624127e-01
2.224881482437789382e-01
2.222683478502394117e-01
2.220262928968636529e-01
2.217621944562671032e-01
2.214763429844042175e-01
2.211691060984809498e-01
2.208409263538014256e-01
2.204923190382513942e-01
2.201238700040258900e-01
2.197362335569555958e-01
2.193301304244071881e-01
2.189063458231900183e-01
2.184657276492170119e-01
2.180091848108400843e-01
2.175376857278000786e-01
2.170522570176188493e-01
2.165539823910113959e-01
2.160440017775054899e-01
2.155235107019678187e-01
2.149937599321148363e-01
2.144560554163634503e-01
2.139117585305772562e-01
2.133622866513574801e-01
2.128091140725736907e-01
2.122537732807990851e-01
2.116978566042495569e-01
2.111430182487104290e-01
2.105909767328099924e-01
2.100435177338522696e-01
2.095024973542619628e-01
2.089698458175564544e-01
2.084475716016202518e-01
2.079377660159340557e-01
2.074426082283126749e-01
2.069643707456232662e-01
2.065054253518981697e-01
2.060682495062011454e-01
2.056554332015686493e-01
2.052696862852990134e-01
2.049138462397867289e-01
2.045908864219961876e-01
2.043039247584749751e-01
2.040562328915380697e-01
2.038512457708400727e-01
2.036925716829553479e-01
2.035840027097826077e-01
2.035295256044870604e-01
2.035333330712585098e-01
2.035998354323183546e-01
2.037336726622518968e-01
2.039397267658388246e-01
2.042231344709485863e-01
2.045893002026969998e-01
2.050439092987988710e-01
2.055929414187711024e-01
2.062426840912141845e-01
2.069997463336871735e-01
2.078710722685472578e-01
2.088639546453728568e-01
2.099860481660930089e-01
2.112453824925183687e-01
2.126503747974325398e-01
2.142098416996114640e-01
2.159330103998851613e-01
2.178295288095093707e-01
2.199094744335107210e-01
2.221833617401691996e-01
2.246621477133197986e-01
2.273572352466134705e-01
2.302804739982559634e-01
2.334441582810910798e-01
2.368610215163455823e-01
2.405442267300966497e-01
2.445073525199386866e-01
2.487643738658648629e-01
2.533296371047096818e-01
2.582178283324636503e-01
2.634439344444705622e-01
2.690231959712885978e-01
2.749710508194898040e-01
2.813030679839180204e-01
2.880348702632377078e-01
2.951820449868186591e-01
3.027600417512802955e-01
3.107840561730560447e-01
3.192688986932492035e-01
3.282288475273926753e-01
3.376774849404894918e-01
3.476275161522458523e-01
3.580905703442628374e-01
3.690769834558781382e-01
3.805955627239244743e-01
3.926533332492598283e-01
4.052552672641474008e-01
4.184039972331660695e-01
4.320995144485047512e-01
4.463388553785700985e-01
4.611157786945880299e-01
4.764204366279983782e-01
4.922390450928688654e-01
5.085535578289289704e-01
5.253413506638465735e-01
5.425749228344967090e-01
5.602216231169809824e-01
5.782434092593198294e-01
5.965966498489654324e-01
6.152319782349096045e-01
6.340942084131253598e-01
6.531223228245541801e-01
6.722495417575372612e-01
6.914034834454640954e-01
7.105064229659439068e-01
7.294756566506601647e-01
7.482239768897194221e-01
7.666602599629745995e-01
7.846901668765631221e-01
8.022169541725913122e-01
8.191423883853957699e-01
8.353677543364592673e-01
8.507949439127977520e-01
8.653276085017692631e-01
8.788723550146161356e-01
8.913399625849378616e-01
9.026465947381582255e-01
9.127149802436997916e-01
9.214755351104899628e-01
9.288673983638444653e-01
9.348393554018887830e-01
9.393506248790287616e-01
9.423714881578000302e-01
9.438837443123975213e-01
9.438809783128787601e-01
9.423686351830025121e-01
9.393638983907200979e-01
9.348953762642218113e-01
9.290026055900347801e-01
9.217353865154181980e-01
9.131529672418251531e-01
9.033231005919301060e-01
8.923209972366840104e-01
8.802282021080709562e-01
8.671314212763603368e-01
8.531213263660889501e-01
8.382913624957560872e-01
8.227365838622999750e-01
8.065525385902455602e-01
7.898342214818149243e-01
7.726751099998930838e-01
7.551662953497300101e-01
7.373957170459186639e-01
7.194475059895998337e-01
7.014014379462807369e-01
6.833324964920246547e-01
6.653105420448848228e-01
6.474000815549020293e-01
6.296601318031207484e-01
6.121441680520975925e-01
5.949001489757486105e-01
5.779706083416127349e-01
5.613928037818931571e-01
5.451989131242231945e-01
5.294162691103185825e-01
5.140676238624136696e-01
4.991714351179398212e-01
4.847421670005926941e-01
4.707905988937870490e-01
4.573241367989924755e-01
4.443471223704239526e-01
4.318611355983372757e-01
4.198652878499846142e-01
4.083565026589161540e-01
3.973297822725427864e-01
3.867784585207978965e-01
3.766944270542667006e-01
3.670683644193389883e-01
