6.122623476313069496e-02
5.971770809804376884e-02
5.850102541899336595e-02
5.752857936320633636e-02
5.676063428122489485e-02
5.616402804963473161e-02
5.571106232332346392e-02
5.537855483697722014e-02
5.514703238231871696e-02
5.500004712215611491e-02
5.492360196106756132e-02
5.490567286465263680e-02
5.493581744809697409e-02
5.500486001219118126e-02
5.510464366944357872e-02
5.522784044239496815e-02
5.536781037565641217e-02
5.551850089717555448e-02
5.567437797472207794e-02
5.583038109090135426e-02
5.598189472706099901e-02
5.612472990409131390e-02
5.625511036046443314e-02
5.636965912640717891e-02
5.646538253925292850e-02
5.653965009022071664e-02
5.659016983825082558e-02
5.661496040168340071e-02
5.661232166230312224e-02
5.658080719936586789e-02
5.651920202306509600e-02
5.642650931522452673e-02
5.630194954902256743e-02
5.614497452322975146e-02
5.595529753179340204e-02
5.573293917476740411e-02
5.547828633870044435e-02
5.519215982354597205e-02
5.487588419710748289e-02
5.453135196019320841e-02
5.416107323577984412e-02
5.376820213817046223e-02
5.335653184388350345e-02
5.293045218824618536e-02
5.249486625489752090e-02
5.205506570659101939e-02
5.161656823041749220e-02
5.118492408246366754e-02
5.076550193756243501e-02
5.036326672367200108e-02
4.998256355962241160e-02
4.962692213665284569e-02
4.929889483615434997e-02
4.899993964599404922e-02
4.873035574474622600e-02
4.848927579181662451e-02
4.827471488282422674e-02
4.808367221269479325e-02
4.791227811055452646e-02
4.775597656941543007e-02
4.760973187606188511e-02
4.746824750709807694e-02
4.732618601840685169e-02
4.717838002556896254e-02
4.702002627927983486e-02
4.684685697216112860e-02
4.665528447139401236e-02
4.644251740892628433e-02
4.620664731924020718e-02
4.594670574186773826e-02
4.566269195744238063e-02
4.535557144810791613e-02
4.502724497072012333e-02
4.468048802825370924e-02
4.431886072038124236e-02
4.394658858496282294e-02
4.356841615473344698e-02
4.318943649293027764e-02
4.281490178704966398e-02
4.245002194660865702e-02
4.209975980466318379e-02
4.176863270219988156e-02
4.146053072180322374e-02
4.117856149404808264e-02
4.092493029139809835e-02
4.070086212480417132e-02
4.050656994400569921e-02
4.034127006753740474e-02
4.020324292921273468e-02
4.008993442331054702e-02
3.999809082236205349e-02
3.992391862070254760e-02
3.986325982319016692e-02
3.981177315183825893e-02
3.976511229165291539e-02
3.971909347703572735e-02
3.966984622563429763e-02
3.961394264280898581e-02
3.954850225581013623e-02
3.947127065135241919e-02
3.938067120831445500e-02
3.927582993414541201e-02
3.915657388665153005e-02
3.902340399446174724e-02
3.887744340173140967e-02
3.872036287149216438e-02
3.855428537220267904e-02
3.838167277943957401e-02
3.820519862644070064e-02
3.802761195276199713e-02
3.785159840114941943e-02
3.767964564056015125e-02
3.751392078253414780e-02
3.735616756034218500e-02
3.720763054625414457e-02
3.706901253938332808e-02
3.694046947985968332e-02
3.682164491977543003e-02
3.671174335794538668e-02
3.660963882759533938e-02
3.651401225256223348e-02
3.642350851121881061e-02
3.633690211141808735e-02
3.625325909528909901e-02
3.617208241752336434e-02
3.609342866291367913e-02
3.601798559502347730e-02
3.594710257846419482e-02
3.588276922898105820e-02
3.582754148086048779e-02
3.578441832539409895e-02
3.575667643843953580e-02
3.574767344415193115e-02
3.576063334356384404e-02
3.579842941150134655e-02
3.586338045264457486e-02
3.595707562542740932e-02
3.608024111914509557e-02
3.623265894468001569e-02
3.641314421403400031e-02
3.661958286148120356e-02
3.684902717563623420e-02
3.709784216103968746e-02
3.736189200436433600e-02
3.763675310250674810e-02
3.791793844927751622e-02
3.820111779658152962e-02
3.848231890727168980e-02
3.875809728413598387e-02
3.902566477209837292e-02
3.928297108824990724e-02
3.952873628892089597e-02
3.976243607573426431e-02
3.998424533929861857e-02
4.019494816217794586e-02
4.039582445442496672e-02
4.058852437194016005e-02
4.077494166416428811e-02
4.095709619775084187e-02
4.113703426640635819e-02
4.131675313736982158e-02
4.149815384439797805e-02
4.168302376239912954e-02
4.187304821863341298e-02
4.206984850193051795e-02
4.227504226742268001e-02
4.249032158632023992e-02
4.271754378686010156e-02
4.295883074848230732e-02
4.321667337547596688e-02
4.349403948334035208e-02
4.379448515446718315e-02
4.412227162661913615e-02
4.448249184277619506e-02
4.488121280984903871e-02
4.532564181348914395e-02
4.582432628283614889e-02
4.638739870134454824e-02
4.702687946880880487e-02
4.775705212356537444e-02
4.859492694888065123e-02
4.956081084554751076e-02
5.067900358565428920e-02
5.197864328536144773e-02
5.349472722692009963e-02
5.526933804662491345e-02
5.735310973355491060e-02
5.980697269802898869e-02
6.270422207462122977e-02
6.613295794022397422e-02
7.019894951074881484e-02
7.502897652253737171e-02
8.077469828221192638e-02
8.761709193194466838e-02
9.577148297213004813e-02
1.054931582963540976e-01
1.170834984255092748e-01
1.308964825357163408e-01
1.473452958651435551e-01
1.669085899414679830e-01
1.901356951453875843e-01
2.176497448483793451e-01
2.501472257721276682e-01
2.883919147732528776e-01
3.332005136135789969e-01
3.854166057441856807e-01
4.458689538231869753e-01
5.153098527655464167e-01
5.943295988493196846e-01
6.832446204210650409e-01
7.819600322945321480e-01
8.898128817035898530e-01
1.005410386369262721e+00
1.126487492802189294e+00
1.249818272840242939e+00
1.371222543699508023e+00
1.485707784972310819e+00
1.587772111050971491e+00
1.671864585862399943e+00
1.732958110241906269e+00
1.767148310531634348e+00
1.772165234497202313e+00
1.747687699468538192e+00
1.695387632292150393e+00
1.618694034926262404e+00
1.522332100755074968e+00
1.411739586160802418e+00
1.292476082874716825e+00
1.169722040518058170e+00
1.047925592140814377e+00
9.306126597815524981e-01
8.203421871515729213e-01
7.187694012768703899e-01
6.267750973162444783e-01
5.446238063757806724e-01
4.721233141855647464e-01
4.087683530181824842e-01
3.538600417017318533e-01
3.065989121974739273e-01
2.661532007454233684e-01
2.317060099617818392e-01
2.024855767755815161e-01
1.777827378934768998e-01
1.569591550088996201e-01
1.394491951032072741e-01
1.247577002518171219e-01
1.124552976657677700e-01
1.021724208862015842e-01
9.359283845156768367e-02
8.644720572629274735e-02
8.050695277875304090e-02
7.557867954606904692e-02
7.149913400272399355e-02
6.813078719433099395e-02
6.535798103867848652e-02
6.308360339919985571e-02
