2.833614355491959058e-02
2.825931348035320978e-02
2.818355991705678854e-02
2.810864033779614246e-02
2.803451341971208155e-02
2.796136173463581454e-02
2.788961052261249018e-02
2.781994347835878290e-02
2.775331766620284246e-02
2.769098099054118078e-02
2.763449697585737552e-02
2.758578284403993830e-02
2.754716792515771173e-02
2.752148024017107841e-02
2.751216963127366133e-02
2.752347611746819994e-02
2.756065230089313478e-02
2.763024877558781234e-02
2.774047177439301418e-02
2.790162295346236901e-02
2.812663251500116535e-02
2.843169909269775003e-02
2.883705327283938788e-02
2.936786660005361732e-02
3.005533470072726740e-02
3.093797197791374465e-02
3.206316632977417036e-02
3.348905553652987976e-02
3.528680221186425436e-02
3.754336120981376090e-02
4.036485159972258430e-02
4.388066398577262356e-02
4.824845184548126609e-02
5.366017071897191681e-02
6.034933813639831862e-02
6.859968439998294365e-02
7.875534030995437473e-02
9.123264787624409122e-02
1.065335621336687966e-01
1.252604057343503219e-01
1.481314021992603536e-01
1.759958968819416159e-01
2.098474153184172741e-01
2.508316401579881449e-01
3.002449509132599226e-01
3.595173391930839846e-01
4.301713443732028685e-01
5.137463890190261395e-01
6.116761057460606832e-01
7.251060656334116228e-01
8.546426090293253175e-01
1.000032789477135919e+00
1.159793360963641717e+00
1.330834370855201731e+00
1.508157458684439289e+00
1.684741086174700753e+00
1.851737814966260443e+00
1.999081479096028291e+00
2.116519781495153296e+00
2.194956958049824713e+00
2.227850965437728092e+00
2.212325326764796873e+00
2.149686178930567237e+00
2.045190399124384939e+00
1.907133563016341293e+00
1.745519348534281479e+00
1.570655120779689939e+00
1.391974267283483835e+00
1.217258403671486189e+00
1.052290260749392914e+00
9.008635782800435976e-01
7.650286978172704533e-01
6.454528929748146737e-01
5.418019613730205020e-01
4.530847736181822238e-01
3.779332131428199126e-01
3.148114884185677642e-01
2.621612023601564978e-01
2.184940075572653906e-01
1.824447124265575759e-01
1.527964174211728365e-01
1.284870559669351597e-01
1.086044001103915191e-01
9.237455442571387842e-02
7.914733690390982068e-02
6.838073115273518576e-02
5.962573053143271906e-02
5.251230590028103939e-02
4.673684291503690802e-02
4.205115299499496972e-02
3.825301875418440217e-02
3.517815661348670103e-02
3.269344317317389448e-02
3.069124179217901788e-02
2.908467107262593249e-02
2.780367063767128985e-02
2.679173723723971695e-02
2.600322296425495311e-02
2.540110541794466867e-02
2.495515591425523372e-02
2.464044569817107691e-02
2.443614128920042206e-02
2.432454859049096654e-02
2.429037143272618285e-02
2.432015419540343656e-02
2.440188055921499802e-02
2.452470186402837260e-02
2.467876954471786427e-02
2.485514719322577670e-02
2.504577933019072611e-02
2.524349618377463855e-02
2.544203671040447257e-02
2.563607562649591887e-02
2.582124408934283188e-02
2.599413752172602399e-02
2.615230754926781143e-02
2.629423778680667345e-02
2.641930504551270875e-02
2.652772835164896037e-02
2.662050804201826493e-02
2.669935634648151757e-02
2.676661961042420268e-02
2.682519103167502195e-02
2.687841186126771476e-02
2.692995874895509623e-02
2.698371548299982603e-02
2.704362880433508476e-02
2.711355012944849374e-02
2.719706761124823791e-02
2.729733561709984935e-02
2.741691097883802719e-02
2.755760686463726294e-02
2.772037551825434765e-02
2.790523022773727657e-02
2.811121471452296405e-02
2.833642484400697437e-02
2.857808347785531500e-02
2.883266486091140557e-02
2.909606066376915767e-02
2.936377617931705541e-02
2.963114261695842799e-02
2.989353024215003762e-02
3.014654739665383054e-02
3.038621215323045882e-02
3.060908628663205899e-02
3.081236502520336845e-02
3.099392024375202323e-02
3.115229890190851850e-02
3.128668218947310009e-02
3.139681366237488669e-02
3.148290641286756453e-02
3.154553992858727396e-02
3.158555680892317225e-02
3.160396809453008826e-02
3.160187388301483047e-02
3.158040345142686112e-02
3.154067658677027486e-02
3.148378550663821773e-02
3.141079483784404991e-02
3.132275573843495281e-02
3.122072944485304244e-02
3.110581527802994128e-02
3.097917837376280153e-02
3.084207300632793927e-02
3.069585823238601963e-02
3.054200358467488649e-02
3.038208360051671691e-02
3.021776101076491250e-02
3.005075939380244532e-02
2.988282698468884557e-02
2.971569409603257161e-02
2.955102722763630618e-02
2.939038338329841293e-02
2.923516833562206374e-02
2.908660254142569901e-02
2.894569807558611263e-02
2.881324930069656398e-02
2.868983903135263747e-02
2.857586072734968896e-02
2.847155583929272815e-02
2.837706394773353846e-02
2.829248192354838487e-02
2.821792714533155610e-02
2.815359898563341012e-02
2.809983244368452482e-02
2.805713803738441037e-02
2.802622289598044603e-02
2.800798937845527803e-02
2.800350938027462711e-02
2.801397462694010798e-02
2.804062549069552546e-02
2.808466299000067501e-02
2.814715042532722755e-02
2.822891237978364387e-02
2.833043942503388202e-02
2.845180674000680199e-02
2.859261396180079462e-02
2.875195200916980109e-02
2.892840048245032269e-02
2.912005674012729806e-02
2.932459511049478884e-02
2.953935216259484520e-02
2.976143177141885032e-02
2.998782207445790937e-02
3.021551548393600073e-02
3.044162277764682345e-02
3.066347295073397483e-02
3.087869190320907675e-02
3.108525502521732042e-02
3.128151112997627770e-02
3.146617774302053888e-02
3.163831024394533897e-02
3.179724954372872142e-02
3.194255467251385511e-02
3.207392770846655139e-02
3.219113882247652547e-02
3.229395884081642798e-02
3.238210570073241090e-02
3.245520961277222755e-02
3.251279981236439992e-02
3.255431367110486751e-02
3.257912684113419693e-02
3.258660120778302666e-02
3.257614588278675422e-02
3.254728540005546317e-02
3.249972874883882284e-02
3.243343291625947616e-02
3.234865518557773767e-02
3.224598947786809500e-02
3.212638342729944030e-02
3.199113451250892859e-02
3.184186528299601249e-02
3.168047937197392139e-02
3.150910143737437052e-02
3.133000530336065015e-02
3.114553529940725790e-02
3.095802606489218844e-02
3.076972589947252201e-02
3.058272813210421992e-02
3.039891403334106512e-02
3.021990961726164771e-02
3.004705740203128528e-02
2.988140295811797520e-02
2.972369499691554506e-02
2.957439694123814578e-02
2.943370743712669935e-02
2.930158713352926103e-02
2.917778924673991581e-02
2.906189187307678390e-02
2.895333061886246062e-02
2.885143076874241430e-02
2.875543880102227057e-02
2.866455349003582675e-02
2.857795705116694673e-02
2.849484676614022494e-02
2.841446730029206780e-02
