1.126565818846508304e-01
1.127878612039999728e-01
1.129519752528346244e-01
1.131481812146500898e-01
1.133757189697314205e-01
1.136338133584779975e-01
1.139216766780359880e-01
1.142385113869547331e-01
1.145835129929048124e-01
1.149558730989125310e-01
1.153547825840079977e-01
1.157794348947341900e-01
1.162290294245725830e-01
1.167027749590616725e-01
1.171998931651907494e-01
1.177196221045758717e-01
1.182612197509528285e-01
1.188239674936735213e-01
1.194071736101565140e-01
1.200101766916379376e-01
1.206323490080744021e-01
1.212730997996906979e-01
1.219318784844061199e-01
1.226081777722564103e-01
1.233015366798949630e-01
1.240115434403511463e-01
1.247378383054053019e-01
1.254801162402229275e-01
1.262381295122443348e-01
1.270116901787742281e-01
1.278006724802079885e-01
1.286050151484035009e-01
1.294247236422999547e-01
1.302598723255455893e-01
1.311106066035460649e-01
1.319771450400527568e-01
1.328597814760869023e-01
1.337588871767010357e-01
1.346749130337510092e-01
1.356083918555244239e-01
1.365599407767006668e-01
1.375302638247245524e-01
1.385201546812417361e-01
1.395304996797554209e-01
1.405622810831370639e-01
1.416165806870278709e-01
1.426945837975212295e-01
1.437975836337957447e-01
1.449269862085770522e-01
1.460843157414514759e-01
1.472712206620924447e-01
1.484894802624369681e-01
1.497410120587031601e-01
1.510278799259046900e-01
1.523523030691413815e-01
1.537166658974430944e-01
1.551235288672800361e-01
1.565756403639858574e-01
1.580759496902775785e-01
1.596276212317090382e-01
1.612340498692560464e-01
1.628988777092028883e-01
1.646260122000438864e-01
1.664196457051099476e-01
1.682842765979864486e-01
1.702247319453859820e-01
1.722461918388021873e-01
1.743542154318447890e-01
1.765547687344130867e-01
1.788542542075670094e-01
1.812595421938109630e-01
1.837780042061759045e-01
1.864175480855953526e-01
1.891866550191526608e-01
1.920944183913467218e-01
1.951505844159653891e-01
1.983655944668380466e-01
2.017506289908867489e-01
2.053176528456904792e-01
2.090794618552568873e-01
2.130497303208563342e-01
2.172430591574317504e-01
2.216750242490545530e-01
2.263622245277790435e-01
2.313223291776573820e-01
2.365741232481046730e-01
2.421375508267438470e-01
2.480337547697469558e-01
2.542851118160784907e-01
2.609152617195457102e-01
2.679491288180567143e-01
2.754129342221105503e-01
2.833341965440199228e-01
2.917417188059258093e-01
3.006655588595764650e-01
3.101369803263557823e-01
3.201883807260078596e-01
3.308531931124493730e-01
3.421657571828425892e-01
3.541611554821726959e-01
3.668750100036333728e-01
3.803432342024937185e-01
3.946017352193736394e-01
4.096860609742193904e-01
4.256309867760723620e-01
4.424700362325764136e-01
4.602349315791083306e-01
4.789549691273773946e-01
4.986563164087090549e-01
5.193612288121443044e-01
5.410871851470955285e-01
5.638459436475434794e-01
5.876425225266055374e-01
6.124741123224705097e-01
6.383289309675812540e-01
6.651850367561096267e-01
6.930091191407755646e-01
7.217552924775951784e-01
7.513639233243090132e-01
7.817605274946808347e-01
8.128547785220208155e-01
8.445396741699795484e-01
8.766909117617300851e-01
9.091665259401332522e-01
9.418068435438733399e-01
9.744348090992391853e-01
1.006856730520471421e+00
1.038863487589147372e+00
1.070232235371841201e+00
1.100728620837773342e+00
1.130109513684906197e+00
1.158126232176019510e+00
1.184528222326383773e+00
1.209067125073985061e+00
1.231501142378446323e+00
1.251599591025166713e+00
1.269147513862876941e+00
1.283950203873127638e+00
1.295837488301960549e+00
1.304667619214054497e+00
1.310330623949779838e+00
1.312750984213528982e+00
1.311889535420353248e+00
1.307744507383767463e+00
1.300351661794813207e+00
1.289783519147952973e+00
1.276147705487621797e+00
1.259584485206607152e+00
1.240263577912784854e+00
1.218380383236564279e+00
1.194151756024429023e+00
1.167811484898188645e+00
1.139605629525027197e+00
1.109787866601394946e+00
1.078614982467328343e+00
1.046342632773717529e+00
1.013221468284594140e+00
9.794937023439879153e-01
9.453901713422986353e-01
9.111279160747496331e-01
8.769082903348862645e-01
8.429155842728474068e-01
8.093161345080299718e-01
7.762578809656878187e-01
7.438703219017293033e-01
7.122648133818799687e-01
6.815351572355995424e-01
6.517584217637125699e-01
6.229959417494818075e-01
5.952944481100321816e-01
5.686872823605717553e-01
5.431956565288870165e-01
5.188299248954524323e-01
4.955908396561047313e-01
4.734707680877041636e-01
4.524548538833793043e-01
4.325221099090580390e-01
4.136464336600568781e-01
3.957975401462320297e-01
3.789418098162113391e-01
3.630430514760657479e-01
3.480631820099484575e-01
3.339628261225608963e-01
3.207018403522115535e-01
3.082397663054919357e-01
2.965362184945778412e-01
2.855512123664167845e-01
2.752454381451022170e-01
2.655804860046551141e-01
2.565190278838006543e-01
2.480249609762767149e-01
2.400635176039146168e-01
2.326013458247613297e-01
2.256065647604326985e-01
2.190487982577488668e-01
2.128991901386169394e-01
2.071304039456624835e-01
2.017166097638771194e-01
1.966334603934282721e-01
1.918580588674216325e-01
1.873689190513971314e-01
1.831459208285629581e-01
1.791702611654729105e-01
1.754244021659706054e-01
1.718920170553578930e-01
1.685579348903948893e-01
1.654080846622963952e-01
1.624294393477307419e-01
1.596099603653943766e-01
1.569385428114813963e-01
1.544049617748521341e-01
1.519998199706237840e-01
1.497144968779691165e-01
1.475410995230403977e-01
1.454724150100661084e-01
1.435018648719257051e-01
1.416234612850280072e-01
1.398317651714048593e-01
1.381218461929224484e-01
1.364892446278538340e-01
1.349299351082351994e-01
1.334402921870372627e-01
1.320170576968235088e-01
1.306573098559313806e-01
1.293584340740065730e-01
1.281180954057273835e-01
1.269342125995298054e-01
1.258049336869619395e-01
1.247286130577561214e-01
1.237037899657184026e-01
1.227291684109706460e-01
1.218035983448637061e-01
1.209260581449106420e-01
1.200956383083345569e-01
1.193115263141992510e-01
1.185729926055749117e-01
1.178793776447172870e-01
1.172300799958168049e-01
1.166245453914254715e-01
1.160622567402236627e-01
1.155427250352882851e-01
1.150654811234806119e-01
1.146300682979566332e-01
1.142360356771174312e-01
1.138829323345526001e-01
1.135703021456752615e-01
1.132976793178057107e-01
1.130645845714361997e-01
1.128705219412828864e-01
1.127149761665266481e-01
1.125974106403518360e-01
1.125172658895184918e-01
1.124739585552473886e-01
1.124668808471903092e-01
1.124954004426588217e-01
1.125588608036678373e-01
