3.578899277935557732e-01
3.491479375003254115e-01
3.408305426633470581e-01
3.329253705526145080e-01
3.254196603213126426e-01
3.183003819416224123e-01
3.115543412227265163e-01
3.051682718411817818e-01
2.991289153368417164e-01
2.934230900309638956e-01
2.880377498107453693e-01
2.829600336996513921e-01
2.781773070984544516e-01
2.736771955403667356e-01
2.694476117571767415e-01
2.654767768036468412e-01
2.617532359360835725e-01
2.582658698891426852e-01
2.550039021435070996e-01
2.519569027268677153e-01
2.491147890421575306e-01
2.464678241706824702e-01
2.440066130539297329e-01
2.417220969166176958e-01
2.396055462550342741e-01
2.376485526789815228e-01
2.358430198626236818e-01
2.341811538291928285e-01
2.326554527667324956e-01
2.312586965467289812e-01
2.299839360944821998e-01
2.288244827392250658e-01
2.277738976532077131e-01
2.268259814720285927e-01
2.259747641733134138e-01
2.252144952772356934e-01
2.245396344202424677e-01
2.239448423425271784e-01
2.234249723201858218e-01
2.229750620644864179e-01
2.225903261031517977e-01
2.222661486519251772e-01
2.219980769788738040e-01
2.217818152587694991e-01
2.216132189104570160e-01
2.214882894062495389e-01
2.214031695390731580e-01
2.213541391302228656e-01
2.213376111581831507e-01
2.213501282869341225e-01
2.213883597704944806e-01
2.214490987090996788e-01
2.215292596313709061e-01
2.216258763760382000e-01
2.217361002462528707e-01
2.218571984092350124e-01
2.219865525139034235e-01
2.221216574992646020e-01
2.222601205666389079e-01
2.223996602892858721e-01
2.225381058336417250e-01
2.226733962671855471e-01
2.228035799289092012e-01
2.229268138394512322e-01
2.230413631291829901e-01
2.231456004638729396e-01
2.232380054490094023e-01
2.233171639954195098e-01
2.233817676304628574e-01
2.234306127408214881e-01
2.234625997346890713e-01
2.234767321130469719e-01
2.234721154416045019e-01
2.234479562169434663e-01
2.234035606223713777e-01
2.233383331709758446e-01
2.232517752353531115e-01
2.231434834654617005e-01
2.230131480979836711e-01
2.228605511624914270e-01
2.226855645915636894e-01
2.224881482437802149e-01
2.222683478502406329e-01
2.220262928968653182e-01
2.217621944562684355e-01
2.214763429844057718e-01
2.211691060984825041e-01
2.208409263538028133e-01
2.204923190382529485e-01
2.201238700040272778e-01
2.197362335569570391e-01
2.193301304244087979e-01
2.189063458231917947e-01
2.184657276492187883e-01
2.180091848108418606e-01
2.175376857278016329e-01
2.170522570176204313e-01
2.165539823910134221e-01
2.160440017775072108e-01
2.155235107019699559e-01
2.149937599321164461e-01
2.144560554163653654e-01
2.139117585305791991e-01
2.133622866513592564e-01
2.128091140725753561e-01
2.122537732808008892e-01
2.116978566042512777e-01
2.111430182487117890e-01
2.105909767328116855e-01
2.100435177338539072e-01
2.095024973542636004e-01
2.089698458175579809e-01
2.084475716016216951e-01
2.079377660159355823e-01
2.074426082283141182e-01
2.069643707456247372e-01
2.065054253518993077e-01
2.060682495062024222e-01
2.056554332015700925e-01
2.052696862853000959e-01
2.049138462397878668e-01
2.045908864219974643e-01
2.043039247584759743e-01
2.040562328915390133e-01
2.038512457708412662e-01
2.036925716829563748e-01
2.035840027097836069e-01
2.035295256044876711e-01
2.035333330712593147e-01
2.035998354323191317e-01
2.037336726622525629e-01
2.039397267658396018e-01
2.042231344709491969e-01
2.045893002026974439e-01
2.050439092987993150e-01
2.055929414187714077e-01
2.062426840912143511e-01
2.069997463336873678e-01
2.078710722685474799e-01
2.088639546453727736e-01
2.099860481660931477e-01
2.112453824925181745e-01
2.126503747974323733e-01
2.142098416996112697e-01
2.159330103998846895e-01
2.178295288095088988e-01
2.199094744335105267e-01
2.221833617401686167e-01
2.246621477133191325e-01
2.273572352466127766e-01
2.302804739982551863e-01
2.334441582810901361e-01
2.368610215163446941e-01
2.405442267300957060e-01
2.445073525199377151e-01
2.487643738658637249e-01
2.533296371047088491e-01
2.582178283324620960e-01
2.634439344444694520e-01
2.690231959712873211e-01
2.749710508194885272e-01
2.813030679839165771e-01
2.880348702632364866e-01
2.951820449868173268e-01
3.027600417512789077e-01
3.107840561730543794e-01
3.192688986932476491e-01
3.282288475273910655e-01
3.376774849404876599e-01
3.476275161522438539e-01
3.580905703442610055e-01
3.690769834558760287e-01
3.805955627239226979e-01
3.926533332492578854e-01
4.052552672641452913e-01
4.184039972331641266e-01
4.320995144485024753e-01
4.463388553785676560e-01
4.611157786945860315e-01
4.764204366279960468e-01
4.922390450928666450e-01
5.085535578289266390e-01
5.253413506638440200e-01
5.425749228344943775e-01
5.602216231169785399e-01
5.782434092593173869e-01
5.965966498489628789e-01
6.152319782349069399e-01
6.340942084131229173e-01
6.531223228245514045e-01
6.722495417575344856e-01
6.914034834454613199e-01
7.105064229659414643e-01
7.294756566506575002e-01
7.482239768897168686e-01
7.666602599629721571e-01
7.846901668765606797e-01
8.022169541725887587e-01
8.191423883853934385e-01
8.353677543364569358e-01
8.507949439127954205e-01
8.653276085017670427e-01
8.788723550146140262e-01
8.913399625849355301e-01
9.026465947381558941e-01
9.127149802436977932e-01
9.214755351104880754e-01
9.288673983638426890e-01
9.348393554018870066e-01
9.393506248790273183e-01
9.423714881577985869e-01
9.438837443123964110e-01
9.438809783128774278e-01
9.423686351830014019e-01
9.393638983907189877e-01
9.348953762642208121e-01
9.290026055900341140e-01
9.217353865154176429e-01
9.131529672418245980e-01
9.033231005919297729e-01
8.923209972366837883e-01
8.802282021080707342e-01
8.671314212763603368e-01
8.531213263660889501e-01
8.382913624957563092e-01
8.227365838623001970e-01
8.065525385902458932e-01
7.898342214818154794e-01
7.726751099998935279e-01
7.551662953497305653e-01
7.373957170459193300e-01
7.194475059896004998e-01
7.014014379462814031e-01
6.833324964920256539e-01
6.653105420448857110e-01
6.474000815549025845e-01
6.296601318031215255e-01
6.121441680520988138e-01
5.949001489757494987e-01
5.779706083416137341e-01
5.613928037818940453e-01
5.451989131242240827e-01
5.294162691103196927e-01
5.140676238624146688e-01
4.991714351179407094e-01
4.847421670005934713e-01
4.707905988937878261e-01
4.573241367989934192e-01
4.443471223704248962e-01
4.318611355983381084e-01
4.198652878499852803e-01
4.083565026589170421e-01
3.973297822725436745e-01
3.867784585207986181e-01
3.766944270542674778e-01
3.670683644193396544e-01
