2.833614355492264369e-02
2.825931348035654045e-02
2.818355991706023023e-02
2.810864033779980620e-02
2.803451341971602284e-02
2.796136173463992236e-02
2.788961052261723639e-02
2.781994347836425074e-02
2.775331766620880991e-02
2.769098099054781437e-02
2.763449697586495279e-02
2.758578284404833436e-02
2.754716792516704454e-02
2.752148024018110511e-02
2.751216963128452070e-02
2.752347611747966299e-02
2.756065230090561785e-02
2.763024877560094072e-02
2.774047177440702727e-02
2.790162295347738131e-02
2.812663251501724970e-02
2.843169909271509033e-02
2.883705327285805697e-02
2.936786660007389971e-02
3.005533470074930880e-02
3.093797197793771159e-02
3.206316632980066306e-02
3.348905553655939782e-02
3.528680221189745003e-02
3.754336120985179992e-02
4.036485159976654913e-02
4.388066398582360361e-02
4.824845184554132915e-02
5.366017071904303354e-02
6.034933813648336864e-02
6.859968440008526458e-02
7.875534031007780378e-02
9.123264787639402684e-02
1.065335621338505540e-01
1.252604057345707012e-01
1.481314021995272234e-01
1.759958968822641912e-01
2.098474153188066293e-01
2.508316401584569921e-01
3.002449509138216954e-01
3.595173391937537821e-01
4.301713443739959564e-01
5.137463890199569505e-01
6.116761057471415963e-01
7.251060656346504096e-01
8.546426090307229773e-01
1.000032789478681794e+00
1.159793360965311271e+00
1.330834370856952109e+00
1.508157458686207431e+00
1.684741086176404057e+00
1.851737814967800766e+00
1.999081479097300607e+00
2.116519781496060126e+00
2.194956958050287454e+00
2.227850965437701891e+00
2.212325326764279954e+00
2.149686178929598235e+00
2.045190399123040237e+00
1.907133563014718813e+00
1.745519348532488468e+00
1.570655120777828984e+00
1.391974267281641975e+00
1.217258403669731592e+00
1.052290260747771100e+00
9.008635782785821000e-01
7.650286978159799300e-01
6.454528929736937926e-01
5.418019613720606031e-01
4.530847736173691520e-01
3.779332131421375696e-01
3.148114884179993855e-01
2.621612023596863739e-01
2.184940075568783668e-01
1.824447124262402742e-01
1.527964174209136272e-01
1.284870559667239953e-01
1.086044001102197676e-01
9.237455442557451768e-02
7.914733690379693876e-02
6.838073115264375890e-02
5.962573053135900025e-02
5.251230590022182287e-02
4.673684291498952925e-02
4.205115299495781889e-02
3.825301875415565434e-02
3.517815661346490597e-02
3.269344317315836523e-02
3.069124179216820014e-02
2.908467107261913931e-02
2.780367063766719937e-02
2.679173723723810366e-02
2.600322296425527230e-02
2.540110541794686483e-02
2.495515591425882460e-02
2.464044569817578148e-02
2.443614128920663930e-02
2.432454859049846749e-02
2.429037143273468993e-02
2.432015419541269652e-02
2.440188055922469512e-02
2.452470186403844093e-02
2.467876954472812689e-02
2.485514719323603239e-02
2.504577933020071812e-02
2.524349618378397830e-02
2.544203671041279924e-02
2.563607562650332267e-02
2.582124408934902138e-02
2.599413752173132530e-02
2.615230754927232171e-02
2.629423778681012902e-02
2.641930504551537329e-02
2.652772835165072285e-02
2.662050804201931964e-02
2.669935634648226697e-02
2.676661961042467452e-02
2.682519103167568808e-02
2.687841186126821436e-02
2.692995874895581787e-02
2.698371548300027012e-02
2.704362880433552885e-02
2.711355012944846599e-02
2.719706761124818239e-02
2.729733561709929424e-02
2.741691097883758310e-02
2.755760686463692988e-02
2.772037551825429214e-02
2.790523022773716555e-02
2.811121471452310283e-02
2.833642484400722417e-02
2.857808347785562031e-02
2.883266486091193292e-02
2.909606066376974054e-02
2.936377617931767992e-02
2.963114261695928148e-02
2.989353024215087723e-02
3.014654739665417055e-02
3.038621215323058372e-02
3.060908628663162184e-02
3.081236502520257048e-02
3.099392024375058341e-02
3.115229890190691908e-02
3.128668218947121271e-02
3.139681366237295768e-02
3.148290641286556613e-02
3.154553992858533107e-02
3.158555680892125017e-02
3.160396809452856171e-02
3.160187388301327616e-02
3.158040345142548722e-02
3.154067658676934505e-02
3.148378550663766262e-02
3.141079483784359194e-02
3.132275573843504302e-02
3.122072944485343796e-02
3.110581527803071150e-02
3.097917837376378686e-02
3.084207300632943113e-02
3.069585823238798680e-02
3.054200358467739490e-02
3.038208360051953758e-02
3.021776101076827439e-02
3.005075939380610905e-02
2.988282698469278686e-02
2.971569409603671413e-02
2.955102722764076095e-02
2.939038338330299260e-02
2.923516833562703199e-02
2.908660254143090318e-02
2.894569807559137231e-02
2.881324930070180979e-02
2.868983903135807756e-02
2.857586072735479599e-02
2.847155583929761313e-02
2.837706394773797935e-02
2.829248192355315883e-02
2.821792714533599700e-02
2.815359898563796204e-02
2.809983244368835509e-02
2.805713803738812961e-02
2.802622289598377670e-02
2.800798937845827563e-02
2.800350938027629244e-02
2.801397462694088514e-02
2.804062549069619159e-02
2.808466299000089705e-02
2.814715042532700551e-02
2.822891237978353285e-02
2.833043942503377099e-02
2.845180674000669097e-02
2.859261396180079462e-02
2.875195200917002314e-02
2.892840048245071127e-02
2.912005674012813072e-02
2.932459511049639866e-02
2.953935216259734320e-02
2.976143177142231977e-02
2.998782207446218373e-02
3.021551548394102449e-02
3.044162277765238844e-02
3.066347295073995616e-02
3.087869190321539115e-02
3.108525502522369033e-02
3.128151112998261985e-02
3.146617774302640225e-02
3.163831024395080682e-02
3.179724954373397416e-02
3.194255467251860825e-02
3.207392770847061758e-02
3.219113882248014757e-02
3.229395884081975865e-02
3.238210570073518646e-02
3.245520961277481575e-02
3.251279981236709915e-02
3.255431367110750429e-02
3.257912684113639656e-02
3.258660120778489322e-02
3.257614588278823220e-02
3.254728540005691340e-02
3.249972874884000246e-02
3.243343291626078762e-02
3.234865518557891034e-02
3.224598947786949665e-02
3.212638342730099461e-02
3.199113451251074658e-02
3.184186528299811497e-02
3.168047937197640551e-02
3.150910143737677138e-02
3.133000530336342571e-02
3.114553529941023469e-02
3.095802606489539421e-02
3.076972589947540859e-02
3.058272813210705099e-02
3.039891403334377129e-02
3.021990961726443020e-02
3.004705740203403308e-02
2.988140295812088953e-02
2.972369499691872308e-02
2.957439694124151808e-02
2.943370743713058513e-02
2.930158713353343825e-02
2.917778924674424568e-02
2.906189187308125255e-02
2.895333061886709580e-02
2.885143076874674417e-02
2.875543880102632288e-02
2.866455349003943498e-02
2.857795705117038843e-02
2.849484676614322254e-02
2.841446730029537071e-02
