1.126565818846458344e-01
1.127878612039950323e-01
1.129519752528298504e-01
1.131481812146450938e-01
1.133757189697267576e-01
1.136338133584730015e-01
1.139216766780313250e-01
1.142385113869498481e-01
1.145835129929000384e-01
1.149558730989074240e-01
1.153547825840030017e-01
1.157794348947290830e-01
1.162290294245676980e-01
1.167027749590567876e-01
1.171998931651858644e-01
1.177196221045708757e-01
1.182612197509478880e-01
1.188239674936684420e-01
1.194071736101515457e-01
1.200101766916328028e-01
1.206323490080694061e-01
1.212730997996855631e-01
1.219318784844010406e-01
1.226081777722514005e-01
1.233015366798901336e-01
1.240115434403462613e-01
1.247378383054007778e-01
1.254801162402184034e-01
1.262381295122398661e-01
1.270116901787696484e-01
1.278006724802035754e-01
1.286050151483987269e-01
1.294247236422954306e-01
1.302598723255410929e-01
1.311106066035415130e-01
1.319771450400481216e-01
1.328597814760824614e-01
1.337588871766964282e-01
1.346749130337464573e-01
1.356083918555201773e-01
1.365599407766964479e-01
1.375302638247205000e-01
1.385201546812377948e-01
1.395304996797518127e-01
1.405622810831334280e-01
1.416165806870241517e-01
1.426945837975178433e-01
1.437975836337919699e-01
1.449269862085734994e-01
1.460843157414478122e-01
1.472712206620888642e-01
1.484894802624331100e-01
1.497410120586994131e-01
1.510278799259009153e-01
1.523523030691373847e-01
1.537166658974391531e-01
1.551235288672760393e-01
1.565756403639819161e-01
1.580759496902736372e-01
1.596276212317052356e-01
1.612340498692520774e-01
1.628988777091986695e-01
1.646260122000397230e-01
1.664196457051055622e-01
1.682842765979819522e-01
1.702247319453812080e-01
1.722461918387970803e-01
1.743542154318393766e-01
1.765547687344072858e-01
1.788542542075610420e-01
1.812595421938044127e-01
1.837780042061691599e-01
1.864175480855880251e-01
1.891866550191450003e-01
1.920944183913386172e-01
1.951505844159570069e-01
1.983655944668289428e-01
2.017506289908771455e-01
2.053176528456802652e-01
2.090794618552461182e-01
2.130497303208448989e-01
2.172430591574194825e-01
2.216750242490414524e-01
2.263622245277655820e-01
2.313223291776431989e-01
2.365741232480898237e-01
2.421375508267280541e-01
2.480337547697308298e-01
2.542851118160612822e-01
2.609152617195282242e-01
2.679491288180384512e-01
2.754129342220918986e-01
2.833341965440000498e-01
2.917417188059050481e-01
3.006655588595547046e-01
3.101369803263332448e-01
3.201883807259841563e-01
3.308531931124243930e-01
3.421657571828162769e-01
3.541611554821450514e-01
3.668750100036041184e-01
3.803432342024630208e-01
3.946017352193411654e-01
4.096860609741859172e-01
4.256309867760368348e-01
4.424700362325396652e-01
4.602349315790699724e-01
4.789549691273377041e-01
4.986563164086679767e-01
5.193612288121020049e-01
5.410871851470517857e-01
5.638459436474985154e-01
5.876425225265591301e-01
6.124741123224229922e-01
6.383289309675322931e-01
6.651850367560595556e-01
6.930091191407243834e-01
7.217552924775434420e-01
7.513639233242564996e-01
7.817605274946278771e-01
8.128547785219673028e-01
8.445396741699261467e-01
8.766909117616770164e-01
9.091665259400811827e-01
9.418068435438221586e-01
9.744348090991893363e-01
1.006856730520423682e+00
1.038863487589101853e+00
1.070232235371798124e+00
1.100728620837733596e+00
1.130109513684869782e+00
1.158126232175987314e+00
1.184528222326355795e+00
1.209067125073961968e+00
1.231501142378428337e+00
1.251599591025154279e+00
1.269147513862870058e+00
1.283950203873127194e+00
1.295837488301966101e+00
1.304667619214066487e+00
1.310330623949798046e+00
1.312750984213553851e+00
1.311889535420384112e+00
1.307744507383804544e+00
1.300351661794855840e+00
1.289783519148001378e+00
1.276147705487674866e+00
1.259584485206664883e+00
1.240263577912847026e+00
1.218380383236630005e+00
1.194151756024498301e+00
1.167811484898260588e+00
1.139605629525101138e+00
1.109787866601470885e+00
1.078614982467405614e+00
1.046342632773795689e+00
1.013221468284672522e+00
9.794937023440665191e-01
9.453901713423765729e-01
9.111279160748266825e-01
8.769082903349620928e-01
8.429155842729216808e-01
8.093161345081023583e-01
7.762578809657580958e-01
7.438703219017973600e-01
7.122648133819458049e-01
6.815351572356629362e-01
6.517584217637735211e-01
6.229959417495400942e-01
5.952944481100878038e-01
5.686872823606250460e-01
5.431956565289376426e-01
5.188299248955006160e-01
4.955908396561502505e-01
4.734707680877472402e-01
4.524548538834196609e-01
4.325221099090959531e-01
4.136464336600924607e-01
3.957975401462650589e-01
3.789418098162423698e-01
3.630430514760943916e-01
3.480631820099751028e-01
3.339628261225854322e-01
3.207018403522340910e-01
3.082397663055126413e-01
2.965362184945964930e-01
2.855512123664338819e-01
2.752454381451174825e-01
2.655804860046687699e-01
2.565190278838130888e-01
2.480249609762877894e-01
2.400635176039242202e-01
2.326013458247698784e-01
2.256065647604401370e-01
2.190487982577551396e-01
2.128991901386220187e-01
2.071304039456666746e-01
2.017166097638802558e-01
1.966334603934306036e-01
1.918580588674229925e-01
1.873689190513977976e-01
1.831459208285627360e-01
1.791702611654723554e-01
1.754244021659691066e-01
1.718920170553558946e-01
1.685579348903926133e-01
1.654080846622937306e-01
1.624294393477274112e-01
1.596099603653910182e-01
1.569385428114776770e-01
1.544049617748480263e-01
1.519998199706192044e-01
1.497144968779645369e-01
1.475410995230355404e-01
1.454724150100610292e-01
1.435018648719202927e-01
1.416234612850224561e-01
1.398317651713986698e-01
1.381218461929164254e-01
1.364892446278473670e-01
1.349299351082287324e-01
1.334402921870305458e-01
1.320170576968166254e-01
1.306573098559243029e-01
1.293584340739997451e-01
1.281180954057205557e-01
1.269342125995227555e-01
1.258049336869549173e-01
1.247286130577493907e-01
1.237037899657115053e-01
1.227291684109639708e-01
1.218035983448571835e-01
1.209260581449041749e-01
1.200956383083278678e-01
1.193115263141928811e-01
1.185729926055681671e-01
1.178793776447108616e-01
1.172300799958103518e-01
1.166245453914191155e-01
1.160622567402173760e-01
1.155427250352822344e-01
1.150654811234745611e-01
1.146300682979507213e-01
1.142360356771116303e-01
1.138829323345469380e-01
1.135703021456695716e-01
1.132976793178001873e-01
1.130645845714308845e-01
1.128705219412776128e-01
1.127149761665212635e-01
1.125974106403468677e-01
1.125172658895131350e-01
1.124739585552423649e-01
1.124668808471851744e-01
1.124954004426537840e-01
1.125588608036628274e-01
