2.686969220001568862e-02
2.693218483778103342e-02
2.702405362160335486e-02
2.713965383360700256e-02
2.727357812840758636e-02
2.742090916071908760e-02
2.757741221910679774e-02
2.773965978978366193e-02
2.790508544176901334e-02
2.807196970662863972e-02
2.823936539711238702e-02
2.840697378961928865e-02
2.857498605147552884e-02
2.874390604140705796e-02
2.891437102960714434e-02
2.908698593379493991e-02
2.926218441387695712e-02
2.944012679125049270e-02
2.962064055859414680e-02
2.980320462197855180e-02
2.998697383382181725e-02
3.017083630967543062e-02
3.035349290425459756e-02
3.053354637833882723e-02
3.070958739521223446e-02
3.088026554823186665e-02
3.104433597513300835e-02
3.120067545274318732e-02
3.134826578491600735e-02
3.148614635561441943e-02
3.161334149566386031e-02
3.172877144987573672e-02
3.183115797265401170e-02
3.191893677586499223e-02
3.199018915762363857e-02
3.204260419503990320e-02
3.207348099010032261e-02
3.207977775745629589e-02
3.205821120171159500e-02
3.200540583295374830e-02
3.191808881482277593e-02
3.179332185559519131e-02
3.162875779476059801e-02
3.142290618748311282e-02
3.117538964421476266e-02
3.088717123196865755e-02
3.056073313669241398e-02
3.020018819591455128e-02
2.981130889923029603e-02
2.940146294558673712e-02
2.897945021503986474e-02
2.855524268795266163e-02
2.813963593403397134e-02
2.774382772270637260e-02
2.737894547051889990e-02
2.705554906484727851e-02
2.678313859792862128e-02
2.656969736454704509e-02
2.642129895715291873e-02
2.634180348045671999e-02
2.633266206737712792e-02
2.639284147624738897e-02
2.651887221845907611e-02
2.670501514849573169e-02
2.694353352178191843e-02
2.722505091704539512e-02
2.753897072010393077e-02
2.787393045393161614e-02
2.821826422827479475e-02
2.856044879639018513e-02
2.888951270381615033e-02
2.919539314364419380e-02
2.946923063213509331e-02
2.970359673284090479e-02
2.989265416304419734e-02
3.003225132698840796e-02
3.011995455536047028e-02
3.015502132902261184e-02
3.013831704016429330e-02
3.007217708037169396e-02
2.996021595524359094e-02
2.980708629077498395e-02
2.961819332308918140e-02
2.939937467796852055e-02
2.915656046617101649e-02
2.889543409599570900e-02
2.862111864704097730e-02
2.833791601643570468e-02
2.804912536417886182e-02
2.775696304855135299e-02
2.746259820083929437e-02
2.716630691457089242e-02
2.686773490133254061e-02
2.656624505562565908e-02
2.626131458997560397e-02
2.595293812200105688e-02
2.564198983608012572e-02
2.533050048664320375e-02
2.502181360957489442e-02
2.472059901163903284e-02
2.443271873674757177e-02
2.416495897500187118e-02
2.392465822225103844e-02
2.371927497196446577e-02
2.355594540223227007e-02
2.344108183012924562e-02
2.338005611442048326e-02
2.337699975471616010e-02
2.343473616813529503e-02
2.355484317959789797e-02
2.373782802731496527e-02
2.398338581461600949e-02
2.429070730988613230e-02
2.465880426822085469e-02
2.508682978555521956e-02
2.557438618728730476e-02
2.612183123446536887e-02
2.673061207922948143e-02
2.740367244200879113e-02
2.814598942013441657e-02
2.896530062308400044e-02
2.987307968549075821e-02
3.088580974111192201e-02
3.202659251830629328e-02
3.332711862834648181e-02
3.483001605038982262e-02
3.659159224294869506e-02
3.868499336471076244e-02
4.120382302400658892e-02
4.426629228604650468e-02
4.802000985927472321e-02
5.264756191863810553e-02
5.837306831594309131e-02
6.546992726006960195e-02
7.426996274999435321e-02
8.517415371028499993e-02
9.866503190374434351e-02
1.153206616054131550e-01
1.358298227614476439e-01
1.610075640246834972e-01
1.918096122937587578e-01
2.293431493907503727e-01
2.748701209401706036e-01
3.297974771933109284e-01
3.956465833749579497e-01
4.739916615936305977e-01
5.663550164993322866e-01
6.740459040741200170e-01
7.979318226217739785e-01
9.381380162296130143e-01
1.093685709011303686e+00
1.262103943112516280e+00
1.439083001787093252e+00
1.618272752084368937e+00
1.791352431575609305e+00
1.948488334972648950e+00
2.079232766707623803e+00
2.173798234319539890e+00
2.224493548532476161e+00
2.226994053856257594e+00
2.181104532970921994e+00
2.090791737001485018e+00
1.963477528796721217e+00
1.808801289422958813e+00
1.637187546068723076e+00
1.458550758663359481e+00
1.281361090800524183e+00
1.112149007001746348e+00
9.554043013672892659e-01
8.137573033102392106e-01
6.883155755771795947e-01
5.790500728146941167e-01
4.851595317353155634e-01
4.053756754867995915e-01
3.381972047251832203e-01
2.820560631883648472e-01
2.354268848375476453e-01
1.968926048832125575e-01
1.651783864163323123e-01
1.391639573526068374e-01
1.178821337642922268e-01
1.005091911086118672e-01
8.635100841773209190e-02
7.482757671223487506e-02
6.545748894263640760e-02
5.784334808294668007e-02
5.165857398080991869e-02
4.663579738563056881e-02
4.255685168468843760e-02
3.924427132976268662e-02
3.655415325433716139e-02
3.437021500303964056e-02
3.259887878789724525e-02
3.116521697297327045e-02
3.000960731608200149e-02
2.908496310287974826e-02
2.835442235525628685e-02
2.778940020256005783e-02
2.736792808495903256e-02
2.707322172298031598e-02
2.689243599821124209e-02
2.681557860083354922e-02
2.683456534373241179e-02
2.694240847222038535e-02
2.713253529221186511e-02
2.739823821327495162e-02
2.773225904246443690e-02
2.812651020370995208e-02
2.857193359901907814e-02
2.905849420143770401e-02
2.957530040424188877e-02
3.011083703617059570e-02
3.065329037050310013e-02
3.119093816195911417e-02
3.171257259863191624e-02
3.220792090438634458e-02
3.266802787015160581e-02
3.308556724866995591e-02
3.345505475451993060e-02
3.377294398460251035e-02
3.403759713389387098e-02
3.424913384835659436e-02
3.440917270293664121e-02
3.452048941441498986e-02
3.458662298850623262e-02
3.461146487906530123e-02
3.459886663126565676e-02
3.455229853117158800e-02
3.447458599260999623e-02
3.436774253786972766e-02
3.423290916321691801e-02
3.407040052243215378e-02
3.387984951653455479e-02
3.366043419089689848e-02
3.341116477269059915e-02
3.313120451627862839e-02
3.282019589895288081e-02
3.247856364960073627e-02
3.210776803858639977e-02
3.171048567455692080e-02
3.129070052945791963e-02
3.085369473729261680e-02
3.040593646423213683e-02
2.995487029271035398e-02
2.950862347126314428e-02
2.907564837868742771e-02
2.866432698129327619e-02
2.828256637551371938e-02
2.793741533925539478e-02
2.763473004415745865e-02
2.737891286295611459e-02
2.717274196214648427e-02
2.701730173672225316e-02
2.691201589192253676e-02
2.685477691338598524e-02
2.684215853427232568e-02
