6.050982184981457124e-03
6.077001913884938489e-03
6.108250298347606133e-03
6.144036356720672387e-03
6.183637582455991932e-03
6.226323814194412165e-03
6.271381026589306629e-03
6.318134251575568960e-03
6.365968914833430858e-03
6.414349969819710395e-03
6.462838324557407255e-03
6.511104176668558452e-03
6.558936993197206355e-03
6.606251987720246355e-03
6.653093053893388564e-03
6.699632209238415292e-03
6.746165684649141348e-03
6.793106864240061604e-03
6.840976338378934596e-03
6.890389382382067218e-03
6.942041217048777746e-03
6.996690447365477850e-03
7.055141114132079672e-03
7.118223830783310113e-03
7.186776513930043242e-03
7.261625249593811615e-03
7.343565865008755411e-03
7.433346794668199697e-03
7.531653834937993008e-03
7.639097369902508872e-03
7.756202618654367553e-03
7.883403398309341004e-03
8.021039816609495943e-03
8.169360203728784353e-03
8.328527467583085597e-03
8.498629915346458952e-03
8.679696432687761254e-03
8.871715759691201075e-03
9.074659457830092091e-03
9.288508035436182642e-03
9.513279599371426976e-03
9.749060336512377356e-03
9.996036107080219502e-03
1.025452445735941520e-02
1.052500643389797652e-02
1.080815770385801233e-02
1.110487865281700737e-02
1.141632333533326715e-02
1.174392738583951434e-02
1.208943524710470729e-02
1.245492732864028618e-02
1.284284795593648720e-02
1.325603520174278849e-02
1.369775389272509525e-02
1.417173325083620483e-02
1.468221075349296356e-02
1.523398387819563382e-02
1.583247143683796931e-02
1.648378620722157351e-02
1.719482054174303887e-02
1.797334658580840294e-02
1.882813268304972532e-02
1.976907749358403077e-02
2.080736331825883134e-02
2.195563011808110421e-02
2.322817175430735848e-02
2.464115605882233329e-02
2.621287048143783327e-02
2.796399525167125866e-02
2.991790623469292587e-02
3.210100994735265445e-02
3.454311351904609806e-02
3.727783271769791185e-02
4.034304149271811246e-02
4.378136678890959255e-02
4.764073262705403877e-02
5.197495759099485246e-02
5.684440986259181594e-02
6.231672375036176326e-02
6.846758119835485989e-02
7.538156095682302382e-02
8.315305684459786684e-02
9.188726471077648950e-02
1.017012351589734742e-01
1.127249856485482704e-01
1.251026610167712827e-01
1.389937255206009636e-01
1.545741618872258361e-01
1.720376432670869538e-01
1.915966320560877068e-01
2.134833449406945693e-01
2.379505058823519759e-01
2.652717878119701389e-01
2.957418193772249349e-01
3.296756051908165674e-01
3.674071769821415367e-01
4.092872596210100911e-01
4.556797015633916592e-01
5.069563861521844128e-01
5.634903118518103105e-01
6.256465108655757668e-01
6.937704734630107950e-01
7.681737685820345662e-01
8.491166108326076989e-01
9.367872326652137982e-01
1.031278091791029805e+00
1.132559190663032567e+00
1.240449115964859850e+00
1.354584823030632990e+00
1.474391681948483024e+00
1.599055840205119150e+00
1.727501490415844776e+00
1.858376085823366219e+00
1.990046823092814332e+00
2.120611699127824767e+00
2.247928034969981059e+00
2.369660458880924914e+00
2.483348920054434750e+00
2.586495415223172056e+00
2.676665908569863639e+00
2.751601674003603115e+00
2.809332333946744864e+00
2.848281584340479622e+00
2.867356305725342835e+00
2.866010654877293007e+00
2.844278800097330251e+00
2.802772970774772610e+00
2.742647010017101206e+00
2.665529110268796131e+00
2.573430343546213361e+00
2.468637556485395734e+00
2.353599970836389499e+00
2.230818422748082064e+00
2.102744796384661274e+00
1.971697194039073064e+00
1.839794113307193779e+00
1.708908714432706866e+00
1.580642412263436380e+00
1.456315662145467371e+00
1.336972967489453490e+00
1.223398776984670810e+00
1.116140968902124442e+00
1.015538924745106097e+00
9.217536627601433663e-01
8.347980383555048123e-01
7.545655517535677648e-01
6.808567861137688748e-01
6.134029061968836460e-01
5.518859692804186645e-01
4.959560388076948989e-01
4.452452563634321514e-01
3.993791315055312818e-01
3.579853649899907841e-01
3.207005414131053334e-01
2.871750229892509054e-01
2.570763558056046172e-01
2.300914701785024552e-01
2.059279226254301653e-01
1.843143919116474738e-01
1.650006078932066411e-01
1.477568608197996625e-01
1.323732110882670510e-01
1.186584954033647055e-01
1.064392048603087781e-01
9.555829338404026041e-02
8.587396091328769465e-02
7.725844433017947654e-02
6.959684002987442941e-02
6.278597483855807848e-02
5.673333639247502003e-02
5.135606979298745767e-02
4.658004409969240811e-02
4.233898980026395975e-02
3.857370662226311531e-02
3.523133978106773867e-02
3.226472186994100433e-02
2.963177699817221011e-02
2.729498339708191779e-02
2.522089048490894214e-02
2.337968626800135397e-02
2.174481092683766548e-02
2.029261247000158086e-02
1.900204042315323250e-02
1.785437364431019525e-02
1.683297851603238193e-02
1.592309395605306932e-02
1.511163990842634419e-02
1.438704622512942954e-02
1.373909912067894368e-02
1.315880267598723563e-02
1.263825317741074095e-02
1.217052439650156970e-02
1.174956223800338595e-02
1.137008749970636057e-02
1.102750578931532832e-02
1.071782392150877339e-02
1.043757236480269412e-02
1.018373351534995752e-02
9.953675737805589563e-03
9.745093228084977799e-03
9.555951817783014945e-03
9.384440856114173446e-03
9.228931275887031216e-03
9.087939880920270497e-03
8.960099791248177237e-03
8.844136858818185676e-03
8.738851730715729849e-03
8.643107100239549867e-03
8.555819559312560774e-03
8.475955358752257363e-03
8.402529304464084747e-03
8.334605974217673685e-03
8.271302435501171058e-03
8.211791681419416955e-03
8.155306077318513758e-03
8.101140221604574698e-03
8.048652763381375363e-03
7.997266878369185816e-03
7.946469272745754209e-03
7.895807751122002616e-03
7.844887538648454006e-03
7.793366677937008102e-03
7.740950920143097047e-03
7.687388589449201115e-03
7.632465917154954149e-03
7.576003314463272686e-03
7.517852983831146974e-03
7.457898162352358251e-03
7.396054154822778726e-03
7.332271158778214115e-03
7.266538720442416999e-03
7.198891501374871105e-03
7.129415892895840656e-03
7.058256900243281562e-03
6.985624640373999661e-03
6.911799763294146359e-03
6.837137120789926747e-03
6.762067069075006209e-03
6.687093900420937320e-03
6.612791047280741630e-03
6.539792881902428690e-03
6.468783133773303717e-03
6.400480153861964894e-03
6.335619455178576054e-03
6.274934140752197465e-03
6.219133980833180253e-03
6.168884011250153065e-03
6.124783587153626030e-03
6.087346836905371816e-03
6.056985418924187847e-03
6.033994392617314517e-03
6.018541878929473121e-03
6.010663015062589487e-03
6.010258512028077149e-03
6.017097914753244403e-03
6.030827454575726776e-03
