3.578899277935552736e-01
3.491479375003251340e-01
3.408305426633468915e-01
3.329253705526142859e-01
3.254196603213124206e-01
3.183003819416221347e-01
3.115543412227261832e-01
3.051682718411815043e-01
2.991289153368414944e-01
2.934230900309637846e-01
2.880377498107453138e-01
2.829600336996516141e-01
2.781773070984543406e-01
2.736771955403666801e-01
2.694476117571767415e-01
2.654767768036467857e-01
2.617532359360836280e-01
2.582658698891429072e-01
2.550039021435072106e-01
2.519569027268678263e-01
2.491147890421578082e-01
2.464678241706826922e-01
2.440066130539299272e-01
2.417220969166178901e-01
2.396055462550344684e-01
2.376485526789818836e-01
2.358430198626237928e-01
2.341811538291932726e-01
2.326554527667325789e-01
2.312586965467293698e-01
2.299839360944824773e-01
2.288244827392253433e-01
2.277738976532080462e-01
2.268259814720289258e-01
2.259747641733136359e-01
2.252144952772359709e-01
2.245396344202426064e-01
2.239448423425274837e-01
2.234249723201858773e-01
2.229750620644866677e-01
2.225903261031518532e-01
2.222661486519253438e-01
2.219980769788739705e-01
2.217818152587697489e-01
2.216132189104570993e-01
2.214882894062495944e-01
2.214031695390732690e-01
2.213541391302229766e-01
2.213376111581830952e-01
2.213501282869341225e-01
2.213883597704944250e-01
2.214490987090995677e-01
2.215292596313711837e-01
2.216258763760383665e-01
2.217361002462528430e-01
2.218571984092348459e-01
2.219865525139032014e-01
2.221216574992644355e-01
2.222601205666387691e-01
2.223996602892857610e-01
2.225381058336412532e-01
2.226733962671852418e-01
2.228035799289089514e-01
2.229268138394509269e-01
2.230413631291826015e-01
2.231456004638724955e-01
2.232380054490091248e-01
2.233171639954190102e-01
2.233817676304624689e-01
2.234306127408212106e-01
2.234625997346887938e-01
2.234767321130464168e-01
2.234721154416039468e-01
2.234479562169430222e-01
2.234035606223709891e-01
2.233383331709752340e-01
2.232517752353527785e-01
2.231434834654612009e-01
2.230131480979833380e-01
2.228605511624908719e-01
2.226855645915630788e-01
2.224881482437796043e-01
2.222683478502400778e-01
2.220262928968645966e-01
2.217621944562678804e-01
2.214763429844049392e-01
2.211691060984816160e-01
2.208409263538021472e-01
2.204923190382521714e-01
2.201238700040265561e-01
2.197362335569562619e-01
2.193301304244077987e-01
2.189063458231905734e-01
2.184657276492179001e-01
2.180091848108409169e-01
2.175376857278005227e-01
2.170522570176195709e-01
2.165539823910122286e-01
2.160440017775061283e-01
2.155235107019685126e-01
2.149937599321153914e-01
2.144560554163642829e-01
2.139117585305782276e-01
2.133622866513581740e-01
2.128091140725744401e-01
2.122537732807999178e-01
2.116978566042502785e-01
2.111430182487108731e-01
2.105909767328106308e-01
2.100435177338528803e-01
2.095024973542626012e-01
2.089698458175569817e-01
2.084475716016207791e-01
2.079377660159346664e-01
2.074426082283131745e-01
2.069643707456235715e-01
2.065054253518985583e-01
2.060682495062016173e-01
2.056554332015690933e-01
2.052696862852994575e-01
2.049138462397870897e-01
2.045908864219965761e-01
2.043039247584752249e-01
2.040562328915383472e-01
2.038512457708402947e-01
2.036925716829555144e-01
2.035840027097828020e-01
2.035295256044869772e-01
2.035333330712587041e-01
2.035998354323184101e-01
2.037336726622520355e-01
2.039397267658389357e-01
2.042231344709486696e-01
2.045893002026968055e-01
2.050439092987987877e-01
2.055929414187708804e-01
2.062426840912142401e-01
2.069997463336870069e-01
2.078710722685470080e-01
2.088639546453725793e-01
2.099860481660928702e-01
2.112453824925180634e-01
2.126503747974321512e-01
2.142098416996112420e-01
2.159330103998848283e-01
2.178295288095089266e-01
2.199094744335103047e-01
2.221833617401685612e-01
2.246621477133192990e-01
2.273572352466130542e-01
2.302804739982553806e-01
2.334441582810904969e-01
2.368610215163452770e-01
2.405442267300960113e-01
2.445073525199380482e-01
2.487643738658642245e-01
2.533296371047091267e-01
2.582178283324628176e-01
2.634439344444698961e-01
2.690231959712878207e-01
2.749710508194893599e-01
2.813030679839172432e-01
2.880348702632370417e-01
2.951820449868179930e-01
3.027600417512799624e-01
3.107840561730552675e-01
3.192688986932487039e-01
3.282288475273918982e-01
3.376774849404891032e-01
3.476275161522451307e-01
3.580905703442621157e-01
3.690769834558774720e-01
3.805955627239239747e-01
3.926533332492591066e-01
4.052552672641468456e-01
4.184039972331654589e-01
4.320995144485042516e-01
4.463388553785693769e-01
4.611157786945874193e-01
4.764204366279976011e-01
4.922390450928684213e-01
5.085535578289283043e-01
5.253413506638460184e-01
5.425749228344962649e-01
5.602216231169803162e-01
5.782434092593191632e-01
5.965966498489647662e-01
6.152319782349089383e-01
6.340942084131246936e-01
6.531223228245532919e-01
6.722495417575364840e-01
6.914034834454632072e-01
7.105064229659432407e-01
7.294756566506592765e-01
7.482239768897187560e-01
7.666602599629737114e-01
7.846901668765625670e-01
8.022169541725903130e-01
8.191423883853949928e-01
8.353677543364583791e-01
8.507949439127968638e-01
8.653276085017683750e-01
8.788723550146153585e-01
8.913399625849369734e-01
9.026465947381571153e-01
9.127149802436987924e-01
9.214755351104890746e-01
9.288673983638437992e-01
9.348393554018876728e-01
9.393506248790278734e-01
9.423714881577989200e-01
9.438837443123966331e-01
9.438809783128777608e-01
9.423686351830016239e-01
9.393638983907192097e-01
9.348953762642210341e-01
9.290026055900337809e-01
9.217353865154175319e-01
9.131529672418244870e-01
9.033231005919295509e-01
8.923209972366834553e-01
8.802282021080702901e-01
8.671314212763598928e-01
8.531213263660885060e-01
8.382913624957557541e-01
8.227365838622994199e-01
8.065525385902452271e-01
7.898342214818148133e-01
7.726751099998929728e-01
7.551662953497297881e-01
7.373957170459185528e-01
7.194475059895996116e-01
7.014014379462804039e-01
6.833324964920246547e-01
6.653105420448850449e-01
6.474000815549021404e-01
6.296601318031207484e-01
6.121441680520978146e-01
5.949001489757490546e-01
5.779706083416130680e-01
5.613928037818933792e-01
5.451989131242235276e-01
5.294162691103190266e-01
5.140676238624138916e-01
4.991714351179401543e-01
4.847421670005930272e-01
4.707905988937873265e-01
4.573241367989930306e-01
4.443471223704242856e-01
4.318611355983375533e-01
4.198652878499848917e-01
4.083565026589167091e-01
3.973297822725432860e-01
3.867784585207983405e-01
3.766944270542671447e-01
3.670683644193394324e-01
