1.126565818846432254e-01
1.127878612039925899e-01
1.129519752528275189e-01
1.131481812146429844e-01
1.133757189697244261e-01
1.136338133584710031e-01
1.139216766780293266e-01
1.142385113869478497e-01
1.145835129928980400e-01
1.149558730989057587e-01
1.153547825840011143e-01
1.157794348947274177e-01
1.162290294245658107e-01
1.167027749590551222e-01
1.171998931651838660e-01
1.177196221045689883e-01
1.182612197509462781e-01
1.188239674936669710e-01
1.194071736101500747e-01
1.200101766916317203e-01
1.206323490080685179e-01
1.212730997996850357e-01
1.219318784844006798e-01
1.226081777722514143e-01
1.233015366798900780e-01
1.240115434403464834e-01
1.247378383054009721e-01
1.254801162402186532e-01
1.262381295122403380e-01
1.270116901787703423e-01
1.278006724802042138e-01
1.286050151483996151e-01
1.294247236422964853e-01
1.302598723255420921e-01
1.311106066035426232e-01
1.319771450400494539e-01
1.328597814760839046e-01
1.337588871766980936e-01
1.346749130337483447e-01
1.356083918555219814e-01
1.365599407766982520e-01
1.375302638247224429e-01
1.385201546812397377e-01
1.395304996797536168e-01
1.405622810831352876e-01
1.416165806870260946e-01
1.426945837975195364e-01
1.437975836337939406e-01
1.449269862085751925e-01
1.460843157414497273e-01
1.472712206620906683e-01
1.484894802624353027e-01
1.497410120587015503e-01
1.510278799259031357e-01
1.523523030691397717e-01
1.537166658974415401e-01
1.551235288672784540e-01
1.565756403639843308e-01
1.580759496902759409e-01
1.596276212317074561e-01
1.612340498692543811e-01
1.628988777092009177e-01
1.646260122000419157e-01
1.664196457051080602e-01
1.682842765979843114e-01
1.702247319453836227e-01
1.722461918387997171e-01
1.743542154318421522e-01
1.765547687344102556e-01
1.788542542075639008e-01
1.812595421938076601e-01
1.837780042061723795e-01
1.864175480855914113e-01
1.891866550191483864e-01
1.920944183913422809e-01
1.951505844159605041e-01
1.983655944668326065e-01
2.017506289908809758e-01
2.053176528456840955e-01
2.090794618552501705e-01
2.130497303208490623e-01
2.172430591574240899e-01
2.216750242490461709e-01
2.263622245277705503e-01
2.313223291776482782e-01
2.365741232480948752e-01
2.421375508267335774e-01
2.480337547697361589e-01
2.542851118160668888e-01
2.609152617195337198e-01
2.679491288180441133e-01
2.754129342220973942e-01
2.833341965440059340e-01
2.917417188059110433e-01
3.006655588595610884e-01
3.101369803263397396e-01
3.201883807259908732e-01
3.308531931124314429e-01
3.421657571828238265e-01
3.541611554821526564e-01
3.668750100036123896e-01
3.803432342024712920e-01
3.946017352193499361e-01
4.096860609741946879e-01
4.256309867760459942e-01
4.424700362325488245e-01
4.602349315790795758e-01
4.789549691273473631e-01
4.986563164086776911e-01
5.193612288121117748e-01
5.410871851470616667e-01
5.638459436475081743e-01
5.876425225265689001e-01
6.124741123224326511e-01
6.383289309675420631e-01
6.651850367560693256e-01
6.930091191407341533e-01
7.217552924775529899e-01
7.513639233242661586e-01
7.817605274946372029e-01
8.128547785219767396e-01
8.445396741699352505e-01
8.766909117616856761e-01
9.091665259400892873e-01
9.418068435438299302e-01
9.744348090991964417e-01
1.006856730520430343e+00
1.038863487589107848e+00
1.070232235371803453e+00
1.100728620837737814e+00
1.130109513684873335e+00
1.158126232175989756e+00
1.184528222326357572e+00
1.209067125073962412e+00
1.231501142378427449e+00
1.251599591025152058e+00
1.269147513862866727e+00
1.283950203873122309e+00
1.295837488301959883e+00
1.304667619214059160e+00
1.310330623949789830e+00
1.312750984213544303e+00
1.311889535420373676e+00
1.307744507383793220e+00
1.300351661794843849e+00
1.289783519147988944e+00
1.276147705487661987e+00
1.259584485206651561e+00
1.240263577912833481e+00
1.218380383236616460e+00
1.194151756024484534e+00
1.167811484898246821e+00
1.139605629525087593e+00
1.109787866601457118e+00
1.078614982467392291e+00
1.046342632773782588e+00
1.013221468284659865e+00
9.794937023440541957e-01
9.453901713423648046e-01
9.111279160748154693e-01
8.769082903349514346e-01
8.429155842729114667e-01
8.093161345080928104e-01
7.762578809657492140e-01
7.438703219017890333e-01
7.122648133819380334e-01
6.815351572356554977e-01
6.517584217637667487e-01
6.229959417495338769e-01
5.952944481100821417e-01
5.686872823606200500e-01
5.431956565289333128e-01
5.188299248954968412e-01
4.955908396561469198e-01
4.734707680877444647e-01
4.524548538834176070e-01
4.325221099090942878e-01
4.136464336600914060e-01
3.957975401462644482e-01
3.789418098162421478e-01
3.630430514760947247e-01
3.480631820099757689e-01
3.339628261225866535e-01
3.207018403522358119e-01
3.082397663055146397e-01
2.965362184945988799e-01
2.855512123664363799e-01
2.752454381451202581e-01
2.655804860046718785e-01
2.565190278838161975e-01
2.480249609762912311e-01
2.400635176039277452e-01
2.326013458247733479e-01
2.256065647604435509e-01
2.190487982577586645e-01
2.128991901386255714e-01
2.071304039456698665e-01
2.017166097638835587e-01
1.966334603934337399e-01
1.918580588674259901e-01
1.873689190514007397e-01
1.831459208285656781e-01
1.791702611654747979e-01
1.754244021659717157e-01
1.718920170553580040e-01
1.685579348903945562e-01
1.654080846622952294e-01
1.624294393477289100e-01
1.596099603653921006e-01
1.569385428114785097e-01
1.544049617748486369e-01
1.519998199706193986e-01
1.497144968779642316e-01
1.475410995230351519e-01
1.454724150100601687e-01
1.435018648719191825e-01
1.416234612850208463e-01
1.398317651713970322e-01
1.381218461929141494e-01
1.364892446278451188e-01
1.349299351082260401e-01
1.334402921870276870e-01
1.320170576968136000e-01
1.306573098559210278e-01
1.293584340739961924e-01
1.281180954057167254e-01
1.269342125995188142e-01
1.258049336869508650e-01
1.247286130577450330e-01
1.237037899657071893e-01
1.227291684109593911e-01
1.218035983448523263e-01
1.209260581448993732e-01
1.200956383083231493e-01
1.193115263141879961e-01
1.185729926055636013e-01
1.178793776447060737e-01
1.172300799958056472e-01
1.166245453914144248e-01
1.160622567402127270e-01
1.155427250352775159e-01
1.150654811234701203e-01
1.146300682979462249e-01
1.142360356771072033e-01
1.138829323345426497e-01
1.135703021456654083e-01
1.132976793177959962e-01
1.130645845714268322e-01
1.128705219412735328e-01
1.127149761665173500e-01
1.125974106403427877e-01
1.125172658895094713e-01
1.124739585552387844e-01
1.124668808471818715e-01
1.124954004426505505e-01
1.125588608036600935e-01
