1.126565818846421152e-01
1.127878612039912021e-01
1.129519752528261867e-01
1.131481812146416521e-01
1.133757189697232048e-01
1.136338133584695598e-01
1.139216766780281054e-01
1.142385113869467395e-01
1.145835129928970408e-01
1.149558730989048705e-01
1.153547825840003371e-01
1.157794348947267515e-01
1.162290294245653666e-01
1.167027749590545671e-01
1.171998931651837550e-01
1.177196221045690994e-01
1.182612197509462781e-01
1.188239674936669710e-01
1.194071736101504078e-01
1.200101766916319423e-01
1.206323490080688510e-01
1.212730997996855908e-01
1.219318784844011239e-01
1.226081777722518584e-01
1.233015366798910772e-01
1.240115434403473715e-01
1.247378383054019713e-01
1.254801162402199299e-01
1.262381295122416702e-01
1.270116901787717856e-01
1.278006724802059901e-01
1.286050151484013360e-01
1.294247236422983449e-01
1.302598723255439794e-01
1.311106066035446771e-01
1.319771450400514246e-01
1.328597814760858753e-01
1.337588871766999810e-01
1.346749130337503431e-01
1.356083918555240353e-01
1.365599407767004170e-01
1.375302638247245524e-01
1.385201546812420415e-01
1.395304996797560315e-01
1.405622810831377856e-01
1.416165806870288424e-01
1.426945837975225617e-01
1.437975836337967994e-01
1.449269862085783012e-01
1.460843157414526694e-01
1.472712206620936937e-01
1.484894802624379118e-01
1.497410120587042148e-01
1.510278799259057725e-01
1.523523030691422697e-01
1.537166658974439826e-01
1.551235288672809243e-01
1.565756403639865790e-01
1.580759496902782724e-01
1.596276212317097321e-01
1.612340498692564073e-01
1.628988777092030549e-01
1.646260122000438864e-01
1.664196457051095313e-01
1.682842765979857824e-01
1.702247319453850938e-01
1.722461918388007718e-01
1.743542154318430404e-01
1.765547687344107830e-01
1.788542542075643449e-01
1.812595421938078544e-01
1.837780042061724906e-01
1.864175480855912448e-01
1.891866550191480534e-01
1.920944183913416148e-01
1.951505844159597269e-01
1.983655944668314963e-01
2.017506289908798101e-01
2.053176528456826522e-01
2.090794618552485051e-01
2.130497303208472859e-01
2.172430591574219805e-01
2.216750242490440059e-01
2.263622245277680523e-01
2.313223291776455304e-01
2.365741232480921274e-01
2.421375508267303855e-01
2.480337547697327449e-01
2.542851118160631141e-01
2.609152617195297230e-01
2.679491288180396169e-01
2.754129342220926757e-01
2.833341965440006049e-01
2.917417188059053812e-01
3.006655588595547046e-01
3.101369803263329672e-01
3.201883807259836012e-01
3.308531931124238934e-01
3.421657571828155553e-01
3.541611554821442187e-01
3.668750100036034523e-01
3.803432342024620771e-01
3.946017352193401662e-01
4.096860609741846404e-01
4.256309867760356691e-01
4.424700362325380554e-01
4.602349315790682516e-01
4.789549691273355947e-01
4.986563164086654787e-01
5.193612288120993403e-01
5.410871851470487881e-01
5.638459436474951847e-01
5.876425225265556884e-01
6.124741123224193284e-01
6.383289309675286294e-01
6.651850367560556698e-01
6.930091191407206086e-01
7.217552924775395562e-01
7.513639233242526139e-01
7.817605274946237692e-01
8.128547785219634170e-01
8.445396741699222609e-01
8.766909117616730196e-01
9.091665259400770749e-01
9.418068435438180508e-01
9.744348090991852285e-01
1.006856730520419685e+00
1.038863487589097856e+00
1.070232235371794349e+00
1.100728620837729821e+00
1.130109513684866229e+00
1.158126232175983983e+00
1.184528222326353131e+00
1.209067125073959303e+00
1.231501142378425673e+00
1.251599591025152058e+00
1.269147513862868060e+00
1.283950203873125417e+00
1.295837488301964324e+00
1.304667619214065155e+00
1.310330623949796935e+00
1.312750984213552963e+00
1.311889535420383446e+00
1.307744507383804100e+00
1.300351661794855840e+00
1.289783519148001822e+00
1.276147705487675754e+00
1.259584485206665994e+00
1.240263577912848358e+00
1.218380383236631781e+00
1.194151756024500077e+00
1.167811484898262586e+00
1.139605629525102914e+00
1.109787866601472661e+00
1.078614982467406946e+00
1.046342632773797021e+00
1.013221468284673632e+00
9.794937023440671853e-01
9.453901713423767950e-01
9.111279160748269046e-01
8.769082903349620928e-01
8.429155842729214587e-01
8.093161345081019142e-01
7.762578809657576517e-01
7.438703219017966939e-01
7.122648133819450278e-01
6.815351572356617149e-01
6.517584217637724109e-01
6.229959417495387619e-01
5.952944481100864715e-01
5.686872823606236027e-01
5.431956565289361993e-01
5.188299248954990617e-01
4.955908396561486406e-01
4.734707680877455194e-01
4.524548538834181621e-01
4.325221099090944543e-01
4.136464336600911840e-01
3.957975401462641152e-01
3.789418098162413151e-01
3.630430514760936145e-01
3.480631820099745477e-01
3.339628261225850436e-01
3.207018403522341465e-01
3.082397663055128634e-01
2.965362184945972146e-01
2.855512123664347146e-01
2.752454381451187038e-01
2.655804860046702687e-01
2.565190278838145321e-01
2.480249609762897323e-01
2.400635176039264684e-01
2.326013458247722654e-01
2.256065647604424129e-01
2.190487982577577764e-01
2.128991901386248498e-01
2.071304039456696167e-01
2.017166097638831146e-01
1.966334603934336012e-01
1.918580588674261012e-01
1.873689190514010172e-01
1.831459208285661222e-01
1.791702611654755750e-01
1.754244021659724928e-01
1.718920170553592253e-01
1.685579348903956109e-01
1.654080846622966727e-01
1.624294393477302423e-01
1.596099603653934329e-01
1.569385428114800640e-01
1.544049617748502468e-01
1.519998199706213415e-01
1.497144968779662577e-01
1.475410995230370670e-01
1.454724150100622504e-01
1.435018648719213197e-01
1.416234612850230667e-01
1.398317651713993914e-01
1.381218461929164532e-01
1.364892446278475058e-01
1.349299351082284826e-01
1.334402921870300185e-01
1.320170576968158205e-01
1.306573098559233037e-01
1.293584340739983296e-01
1.281180954057187238e-01
1.269342125995208126e-01
1.258049336869527801e-01
1.247286130577469898e-01
1.237037899657088547e-01
1.227291684109612091e-01
1.218035983448541582e-01
1.209260581449010524e-01
1.200956383083247730e-01
1.193115263141895921e-01
1.185729926055648920e-01
1.178793776447072811e-01
1.172300799958066186e-01
1.166245453914152852e-01
1.160622567402132405e-01
1.155427250352778490e-01
1.150654811234701758e-01
1.146300682979462110e-01
1.142360356771070923e-01
1.138829323345423444e-01
1.135703021456650613e-01
1.132976793177955382e-01
1.130645845714263187e-01
1.128705219412730471e-01
1.127149761665168226e-01
1.125974106403422326e-01
1.125172658895089162e-01
1.124739585552380350e-01
1.124668808471810666e-01
1.124954004426496901e-01
1.125588608036589000e-01
