2.419094011709169989e-01
2.399934583097074192e-01
2.381101730833818653e-01
2.362548416090030634e-01
2.344232159109972957e-01
2.326114821271414723e-01
2.308162393806575674e-01
2.290344792860881662e-01
2.272635660547533687e-01
2.255012171648319574e-01
2.237454845613260079e-01
2.219947363521193040e-01
2.202476389679586255e-01
2.185031397562319233e-01
2.167604499808715168e-01
2.150190282033664912e-01
2.132785640227409241e-01
2.115389621552475896e-01
2.098003268374937225e-01
2.080629465395962829e-01
2.063272789778081429e-01
2.045939364187435439e-01
2.028636712699238842e-01
2.011373619537741853e-01
1.994159990644734370e-01
1.977006718091526838e-01
1.959925547368996657e-01
1.942928947608099366e-01
1.926029984800052552e-01
1.909242198100697951e-01
1.892579479318010072e-01
1.876055955695093980e-01
1.859685876113806868e-01
1.843483500856112900e-01
1.827462995071995056e-01
1.811638326113801933e-01
1.796023164907827874e-01
1.780630791544332292e-01
1.765474005277494207e-01
1.750565039136330880e-01
1.735915479357106050e-01
1.721536189856143484e-01
1.707437241969896324e-01
1.693627849695860665e-01
1.680116310673376023e-01
1.666909953147449053e-01
1.654015089160809360e-01
1.641436974219578349e-01
1.629179773675583920e-01
1.617246536063336737e-01
1.605639173621844495e-01
1.594358450220140222e-01
1.583403976890948861e-01
1.572774215158717626e-01
1.562466488326103298e-01
1.552477000857628020e-01
1.542800865969228830e-01
1.533432141499364298e-01
1.524363874100135852e-01
1.515588151746554146e-01
1.507096164518368087e-01
1.498878273562575247e-01
1.490924088095913480e-01
1.483222550256143024e-01
1.475762027559161527e-01
1.468530412666640972e-01
1.461515230116918196e-01
1.454703749620520625e-01
1.448083105472538490e-01
1.441640421587273568e-01
1.435362941617410182e-01
1.429238163581118548e-01
1.423253978386944674e-01
1.417398811618720278e-01
1.411661767922074984e-01
1.406032777320844751e-01
1.400502742786634558e-01
1.395063688388470391e-01
1.389708907362137702e-01
1.384433109461046252e-01
1.379232566982181996e-01
1.374105258902116877e-01
1.369051012608931694e-01
1.364071642776133464e-01
1.359171086993558319e-01
1.354355537847656554e-01
1.349633571228252560e-01
1.345016270730546304e-01
1.340517348118323016e-01
1.336153259916197378e-01
1.331943320303968503e-01
1.327909810593483064e-01
1.324078085676267391e-01
1.320476677937331977e-01
1.317137399235173423e-01
1.314095441648692741e-01
1.311389477786817359e-01
1.309061761544249025e-01
1.307158230265630938e-01
1.305728609348251190e-01
1.304826520369014031e-01
1.304509593862647199e-01
1.304839587903211529e-01
1.305882513648177201e-01
1.307708768991563408e-01
1.310393281437742807e-01
1.314015661248627564e-01
1.318660365831120784e-01
1.324416876217041628e-01
1.331379886340852137e-01
1.339649505638473848e-01
1.349331475270132419e-01
1.360537398007083398e-01
1.373384981512602021e-01
1.387998294386725284e-01
1.404508033926881172e-01
1.423051804076805871e-01
1.443774401488456816e-01
1.466828106998342429e-01
1.492372979114768849e-01
1.520577145317667522e-01
1.551617086080632202e-01
1.585677905527810294e-01
1.622953581528601141e-01
1.663647186804062539e-01
1.707971071264106078e-01
1.756146994309674692e-01
1.808406194216852225e-01
1.864989379970555528e-01
1.926146629039304781e-01
1.992137172589114325e-01
2.063229047540589556e-01
2.139698592703717650e-01
2.221829764014810749e-01
2.309913241696933961e-01
2.404245300030983246e-01
2.505126408438684837e-01
2.612859530839588551e-01
2.727748088872986587e-01
2.850093553717387707e-01
2.980192631066947984e-01
3.118334004534832893e-01
3.264794604574936532e-01
3.419835373198653050e-01
3.583696499588275852e-01
3.756592108465782731e-01
3.938704392065186521e-01
4.130177188072526318e-01
4.331109020210568428e-01
4.541545635479630194e-01
4.761472092571144010e-01
4.990804479688191186e-01
5.229381366832581701e-01
5.476955127258453793e-01
5.733183294723944723e-01
5.997620156599247077e-01
6.269708816706789367e-01
6.548773994539774934e-01
6.834015857451716247e-01
7.124505207430594789e-01
7.419180361789858846e-01
7.716846074957833812e-01
8.016174843896390900e-01
8.315710920005767726e-01
8.613877313471074437e-01
8.908986020235253322e-01
9.199251626325718467e-01
9.482808349381732782e-01
9.757730464499988488e-01
1.002205593398134198e+00
1.027381292280593605e+00
1.051104873974990195e+00
1.073186060531749142e+00
1.093442752033441767e+00
1.111704240175281244e+00
1.127814357332266537e+00
1.141634465568833967e+00
1.153046189888566442e+00
1.161953804352443331e+00
1.168286188569564565e+00
1.171998285229268078e+00
1.173072006233369269e+00
1.171516554756593109e+00
1.167368152144199867e+00
1.160689180737939363e+00
1.151566775247759189e+00
1.140110914953705201e+00
1.126452085775027978e+00
1.110738594253683820e+00
1.093133624221678701e+00
1.073812131120302604e+00
1.052957668686081316e+00
1.030759238363557984e+00
1.007408243927280456e+00
9.830956231356133834e-01
9.580092156296640127e-01
9.323314125847935729e-01
9.062371196311325150e-01
8.798920510022951724e-01
8.534513603397648751e-01
8.270586025188392254e-01
8.008450115634875299e-01
7.749290723302169059e-01
7.494163581857187229e-01
7.243996032949870933e-01
6.999589762115983049e-01
6.761625210017920828e-01
6.530667328907168168e-01
6.307172371349902829e-01
6.091495422498958145e-01
5.883898416205169957e-01
5.684558406997874958e-01
5.493575902703442537e-01
5.310983094821312145e-01
5.136751854672350071e-01
4.970801392006802266e-01
4.813005498705680285e-01
4.663199323150033493e-01
4.521185640669015404e-01
4.386740602252051646e-01
4.259618957569453745e-01
4.139558759506903884e-01
4.026285566144912620e-01
3.919516162688836403e-01
3.818961830568420313e-01
3.724331194060140349e-01
3.635332676607173075e-01
3.551676599764051478e-01
3.473076957594844472e-01
3.399252898596405448e-01
3.329929945967211591e-01
3.264840985437391097e-01
3.203727048032766200e-01
3.146337913160328625e-01
3.092432555350288492e-01
3.041779455930506137e-01
2.994156798888389925e-01
2.949352568226635829e-01
2.907164562267019470e-01
2.867400338616303279e-01
2.829877101890153623e-01
2.794421544799210455e-01
2.760869651836681538e-01
2.729066473567083873e-01
2.698865878396382589e-01
2.670130287699109539e-01
2.642730399281220111e-01
2.616544903361206487e-01
2.591460194548527163e-01
2.567370082680278109e-01
2.544175504836959645e-01
2.521784240388333931e-01
2.500110630515010035e-01
2.479075303302925859e-01
2.458604905211439484e-01
2.438631839465048023e-01
