1.262244135102375542e-01
1.275756768853318346e-01
1.290894433413435904e-01
1.307773837408702788e-01
1.326520774908039879e-01
1.347270914026609256e-01
1.370170639403601731e-01
1.395377949599869161e-01
1.423063409977588512e-01
1.453411161001667562e-01
1.486619981111055866e-01
1.522904402313408623e-01
1.562495875418334346e-01
1.605643980297991602e-01
1.652617674696375549e-01
1.703706572843249889e-01
1.759222242399406388e-01
1.819499504996225925e-01
1.884897721756452760e-01
1.955802040612120429e-01
2.032624576883002021e-01
2.115805492357277773e-01
2.205813930939395651e-01
2.303148760719727628e-01
2.408339063011965542e-01
2.521944298454765754e-01
2.644554068676212011e-01
2.776787379314171744e-01
2.919291296480771569e-01
3.072738874252828323e-01
3.237826215775979621e-01
3.415268515548762762e-01
3.605794916046216603e-01
3.810141998910995254e-01
4.029045720601921454e-01
4.263231596057588391e-01
4.513402933344130008e-01
4.780226929494336696e-01
5.064318455237142302e-01
5.366221386804336246e-01
5.686387389469826914e-01
6.025152123026626949e-01
6.382708927054719927e-01
6.759080156230203862e-01
7.154086474976442123e-01
7.567314587138496140e-01
7.998084068948989600e-01
8.445414188778623821e-01
8.907991828351005115e-01
9.384141856853066566e-01
9.871801537124383907e-01
1.036850074297441138e+00
1.087134991574923326e+00
1.137703776053377691e+00
1.188184065036859582e+00
1.238164554414341589e+00
1.287198790824217065e+00
1.334810564951321998e+00
1.380500941586650043e+00
1.423756881482488357e+00
1.464061317239728766e+00
1.500904445701412460e+00
1.533795899638752847e+00
1.562277370314920422e+00
1.585935178847687421e+00
1.604412246877291004e+00
1.617418903145114939e+00
1.624741986927197068e+00
1.626251773140205081e+00
1.621906344698783142e+00
1.611753168750636123e+00
1.595927784738139898e+00
1.574649671463087319e+00
1.548215514151626060e+00
1.516990228238281668e+00
1.481396203610049422e+00
1.441901304009806539e+00
1.399006187728154993e+00
1.353231508156944152e+00
1.305105510368555821e+00
1.255152469516320757e+00
1.203882327106835293e+00
1.151781781218893963e+00
1.099306985218508448e+00
1.046877913869571852e+00
9.948743716258187098e-01
9.436335489999458925e-01
8.934489810064545345e-01
8.445707268560815884e-01
7.972065711192098947e-01
7.515240413484631787e-01
7.076530430261682714e-01
6.656889268874830456e-01
6.256958234762441950e-01
5.877101028183188136e-01
5.517438413425406196e-01
5.177882020757081927e-01
4.858166565493351463e-01
4.557879970350164900e-01
4.276491052554752814e-01
4.013374584452573113e-01
3.767833656006174259e-01
3.539119361403298969e-01
3.326447902607463369e-01
3.129015253160759014e-01
2.946009559082377605e-01
2.776621473403149687e-01
2.620052629609319617e-01
2.475522459593384461e-01
2.342273555828477127e-01
2.219575767239014563e-01
2.106729205137473915e-01
2.003066320828708058e-01
1.907953200970642915e-01
1.820790211213828835e-01
1.741012103519557208e-01
1.668087688218594378e-01
1.601519158538023679e-01
1.540841143114231038e-01
1.485619550975886827e-01
1.435450263619612032e-01
1.389957720072888536e-01
1.348793433180116574e-01
1.311634468678948839e-01
1.278181912868058268e-01
1.248159349714967337e-01
1.221311364024471602e-01
1.197402083700231379e-01
1.176213771104890893e-01
1.157545470984380764e-01
1.141211720304455279e-01
1.127041323592011257e-01
1.114876195928675706e-01
1.104570274562731713e-01
1.095988499148013995e-01
1.089005859849651592e-01
1.083506511946897843e-01
1.079382955086579665e-01
1.076535274975513046e-01
1.074870445027497068e-01
1.074301685284805852e-01
1.074747875801994601e-01
1.076133021600209072e-01
1.078385766263589840e-01
1.081438951248151481e-01
1.085229218000646201e-01
1.089696650035504866e-01
1.094784452186625956e-01
1.100438664334371652e-01
1.106607907002654656e-01
1.113243156324341399e-01
1.120297545982402720e-01
1.127726193847826131e-01
1.135486051151076980e-01
1.143535772140868573e-01
1.151835602300503858e-01
1.160347283307275879e-01
1.169033973033430790e-01
1.177860178997062329e-01
1.186791703777651530e-01
1.195795601013135423e-01
1.204840140692895190e-01
1.213894782553968377e-01
1.222930156475407759e-01
1.231918048848599789e-01
1.240831393978763242e-01
1.249644269645684702e-01
1.258331896019518337e-01
1.266870637190846138e-01
1.275238004633253985e-01
1.283412661972017088e-01
1.291374430484235614e-01
1.299104294804596660e-01
1.306584408357268356e-01
1.313798098078599319e-01
1.320729868037971710e-01
1.327365401605566930e-01
1.333691561856494845e-01
1.339696389941122667e-01
1.345369101191457306e-01
1.350700078773983959e-01
1.355680864739826907e-01
1.360304148364228638e-01
1.364563751708701145e-01
1.368454612380920477e-01
1.371972763509257121e-01
1.375115310990492334e-01
1.377880408110574995e-01
1.380267227678499964e-01
1.382275931852604001e-01
1.383907639875651685e-01
1.385164393970074737e-01
1.386049123676685868e-01
1.386565608948746586e-01
1.386718442337864232e-01
1.386512990628403497e-01
1.385955356292257745e-01
1.385052339145946831e-01
1.383811398596381803e-01
1.382240616860398452e-01
1.380348663536060672e-01
1.378144761890829351e-01
1.375638657213154037e-01
1.372840587550163693e-01
1.369761257125203802e-01
1.366411812695726979e-01
1.362803823074796306e-01
1.358949261999351510e-01
1.354860494485843336e-01
1.350550266770145225e-01
1.346031699884429056e-01
1.341318286880346378e-01
1.336423893666013885e-01
1.331362763385467440e-01
1.326149524233985466e-01
1.320799200572420062e-01
1.315327227179045599e-01
1.309749466459400047e-01
1.304082228423975587e-01
1.298342293240939971e-01
1.292546936176875438e-01
1.286713954753351818e-01
1.280861697970879509e-01
1.275009097484940401e-01
1.269175700660860606e-01
1.263381705485385476e-01
1.257647997372280668e-01
1.251996187966911978e-01
1.246448656129555688e-01
1.241028591358773470e-01
1.235760040003380245e-01
1.230667954703791589e-01
1.225778247599509929e-01
1.221117847938577861e-01
1.216714764825741479e-01
1.212598155948104162e-01
1.208798403218928619e-01
1.205347196381683084e-01
1.202277625715923448e-01
1.199624285084257558e-01
1.197423386654083988e-01
1.195712888719394629e-01
1.194532638135527014e-01
1.193924528963812848e-01
1.193932679002914776e-01
1.194603625959467230e-01
1.195986545082435848e-01
1.198133490153068248e-01
1.201099659785624940e-01
1.204943691052939858e-01
1.209727982504795740e-01
1.215519048695576920e-01
1.222387908379478638e-01
1.230410508565428218e-01
1.239668186647150394e-01
1.250248172834177440e-01
