6.122623476313314439e-02
5.971770809804510111e-02
5.850102541899419861e-02
5.752857936320650983e-02
5.676063428122483934e-02
5.616402804963482875e-02
5.571106232332356106e-02
5.537855483697746994e-02
5.514703238231950105e-02
5.500004712215737779e-02
5.492360196106951808e-02
5.490567286465530134e-02
5.493581744810029088e-02
5.500486001219553889e-02
5.510464366944865799e-02
5.522784044240086621e-02
5.536781037566324004e-02
5.551850089718321501e-02
5.567437797473051564e-02
5.583038109091065238e-02
5.598189472707079672e-02
5.612472990410205531e-02
5.625511036047564639e-02
5.636965912641883625e-02
5.646538253926453033e-02
5.653965009023248500e-02
5.659016983826287150e-02
5.661496040169572419e-02
5.661232166231455754e-02
5.658080719937758074e-02
5.651920202307619823e-02
5.642650931523501834e-02
5.630194954903233739e-02
5.614497452323879978e-02
5.595529753180178423e-02
5.573293917477539772e-02
5.547828633870724446e-02
5.519215982355218930e-02
5.487588419711275645e-02
5.453135196019803788e-02
5.416107323578384092e-02
5.376820213817393168e-02
5.335653184388659820e-02
5.293045218824911358e-02
5.249486625490024094e-02
5.205506570659369781e-02
5.161656823042000408e-02
5.118492408246633901e-02
5.076550193756516199e-02
5.036326672367476276e-02
4.998256355962532593e-02
4.962692213665585023e-02
4.929889483615731982e-02
4.899993964599723417e-02
4.873035574474922360e-02
4.848927579181965680e-02
4.827471488282691903e-02
4.808367221269727737e-02
4.791227811055718405e-02
4.775597656941815705e-02
4.760973187606477169e-02
4.746824750710127577e-02
4.732618601840996031e-02
4.717838002557235566e-02
4.702002627928349859e-02
4.684685697216485478e-02
4.665528447139823121e-02
4.644251740893069746e-02
4.620664731924503665e-02
4.594670574187276202e-02
4.566269195744789011e-02
4.535557144811327990e-02
4.502724497072592424e-02
4.468048802825949628e-02
4.431886072038740410e-02
4.394658858496904019e-02
4.356841615473974749e-02
4.318943649293668918e-02
4.281490178705621430e-02
4.245002194661509631e-02
4.209975980466973411e-02
4.176863270220643187e-02
4.146053072180971855e-02
4.117856149405457744e-02
4.092493029140459315e-02
4.070086212481038856e-02
4.050656994401247157e-02
4.034127006754384404e-02
4.020324292921906295e-02
4.008993442331687529e-02
3.999809082236815971e-02
3.992391862070820974e-02
3.986325982319560701e-02
3.981177315184314391e-02
3.976511229165746730e-02
3.971909347703950210e-02
3.966984622563796137e-02
3.961394264281192790e-02
3.954850225581285628e-02
3.947127065135447310e-02
3.938067120831634238e-02
3.927582993414624468e-02
3.915657388665233496e-02
3.902340399446208030e-02
3.887744340173138191e-02
3.872036287149221989e-02
3.855428537220251251e-02
3.838167277943926869e-02
3.820519862644050635e-02
3.802761195276177508e-02
3.785159840114929453e-02
3.767964564056033860e-02
3.751392078253451556e-02
3.735616756034317032e-02
3.720763054625531030e-02
3.706901253938492402e-02
3.694046947986162621e-02
3.682164491977767129e-02
3.671174335794795407e-02
3.660963882759803167e-02
3.651401225256501598e-02
3.642350851122159311e-02
3.633690211142099474e-02
3.625325909529194396e-02
3.617208241752576520e-02
3.609342866291591345e-02
3.601798559502556590e-02
3.594710257846582546e-02
3.588276922898199495e-02
3.582754148086154250e-02
3.578441832539462630e-02
3.575667643843983418e-02
3.574767344415205605e-02
3.576063334356369139e-02
3.579842941150109675e-02
3.586338045264435281e-02
3.595707562542698604e-02
3.608024111914491516e-02
3.623265894468008508e-02
3.641314421403441665e-02
3.661958286148188357e-02
3.684902717563717789e-02
3.709784216104121402e-02
3.736189200436623725e-02
3.763675310250891304e-02
3.791793844928023627e-02
3.820111779658469375e-02
3.848231890727504823e-02
3.875809728413945332e-02
3.902566477210228646e-02
3.928297108825401507e-02
3.952873628892522584e-02
3.976243607573853867e-02
3.998424533930317049e-02
4.019494816218233124e-02
4.039582445442962966e-02
4.058852437194448992e-02
4.077494166416822940e-02
4.095709619775483867e-02
4.113703426641063254e-02
4.131675313737348532e-02
4.149815384440186383e-02
4.168302376240257123e-02
4.187304821863679916e-02
4.206984850193337677e-02
4.227504226742506699e-02
4.249032158632259915e-02
4.271754378686254405e-02
4.295883074848400041e-02
4.321667337547765997e-02
4.349403948334189252e-02
4.379448515446855705e-02
4.412227162662046842e-02
4.448249184277740242e-02
4.488121280985046813e-02
4.532564181349064275e-02
4.582432628283777259e-02
4.638739870134618581e-02
4.702687946881062286e-02
4.775705212356717161e-02
4.859492694888237208e-02
4.956081084554901650e-02
5.067900358565557983e-02
5.197864328536260653e-02
5.349472722692046045e-02
5.526933804662464284e-02
5.735310973355343261e-02
5.980697269802658089e-02
6.270422207461692765e-02
6.613295794021775698e-02
7.019894951074039102e-02
7.502897652252601968e-02
8.077469828219688286e-02
8.761709193192533662e-02
9.577148297210542893e-02
1.054931582963235109e-01
1.170834984254711386e-01
1.308964825356691286e-01
1.473452958650859901e-01
1.669085899413975393e-01
1.901356951453023192e-01
2.176497448482763997e-01
2.501472257720043224e-01
2.883919147731056620e-01
3.332005136134046364e-01
3.854166057439799564e-01
4.458689538229471672e-01
5.153098527652688610e-01
5.943295988490022719e-01
6.832446204207065499e-01
7.819600322941331338e-01
8.898128817031527582e-01
1.005410386368794207e+00
1.126487492801699020e+00
1.249818272839744449e+00
1.371222543699018415e+00
1.485707784971850742e+00
1.587772111050562707e+00
1.671864585862064434e+00
1.732958110241662020e+00
1.767148310531496458e+00
1.772165234497177000e+00
1.747687699468625677e+00
1.695387632292342017e+00
1.618694034926543956e+00
1.522332100755427131e+00
1.411739586161204763e+00
1.292476082875148258e+00
1.169722040518500261e+00
1.047925592141251361e+00
9.306126597819714963e-01
8.203421871519651631e-01
7.187694012772303243e-01
6.267750973165693296e-01
5.446238063760697745e-01
4.721233141858190985e-01
4.087683530184039182e-01
3.538600417019231448e-01
3.065989121976377962e-01
2.661532007455629234e-01
2.317060099619001057e-01
2.024855767756810199e-01
1.777827378935604163e-01
1.569591550089692866e-01
1.394491951032653665e-01
1.247577002518649864e-01
1.124552976658070996e-01
1.021724208862336974e-01
9.359283845159385717e-02
8.644720572631359179e-02
8.050695277876993017e-02
7.557867954608202266e-02
7.149913400273413822e-02
6.813078719433840469e-02
6.535798103868409314e-02
6.308360339920368598e-02
