2.833614355492003467e-02
2.825931348035376489e-02
2.818355991705739916e-02
2.810864033779708615e-02
2.803451341971313626e-02
2.796136173463703578e-02
2.788961052261434981e-02
2.781994347836122539e-02
2.775331766620586782e-02
2.769098099054490003e-02
2.763449697586158049e-02
2.758578284404483716e-02
2.754716792516319346e-02
2.752148024017701117e-02
2.751216963128017695e-02
2.752347611747543721e-02
2.756065230090112839e-02
2.763024877559641657e-02
2.774047177440251005e-02
2.790162295347295429e-02
2.812663251501287820e-02
2.843169909271098250e-02
2.883705327285444875e-02
2.936786660007081884e-02
3.005533470074678304e-02
3.093797197793585196e-02
3.206316632979949732e-02
3.348905553655923129e-02
3.528680221189789412e-02
3.754336120985302117e-02
4.036485159976786752e-02
4.388066398582604610e-02
4.824845184554399369e-02
5.366017071904606583e-02
6.034933813648639400e-02
6.859968440008828994e-02
7.875534031008013525e-02
9.123264787639512319e-02
1.065335621338500821e-01
1.252604057345680366e-01
1.481314021995215335e-01
1.759958968822549208e-01
2.098474153187927516e-01
2.508316401584377298e-01
3.002449509137961048e-01
3.595173391937207530e-01
4.301713443739542675e-01
5.137463890199056582e-01
6.116761057470803120e-01
7.251060656345786892e-01
8.546426090306402656e-01
1.000032789478589645e+00
1.159793360965210685e+00
1.330834370856846194e+00
1.508157458686100405e+00
1.684741086176301028e+00
1.851737814967707951e+00
1.999081479097224223e+00
2.116519781496006836e+00
2.194956958050260809e+00
2.227850965437705000e+00
2.212325326764312816e+00
2.149686178929657743e+00
2.045190399123122393e+00
1.907133563014816957e+00
1.745519348532595938e+00
1.570655120777939562e+00
1.391974267281750333e+00
1.217258403669833289e+00
1.052290260747863915e+00
9.008635782786643675e-01
7.650286978160509843e-01
6.454528929737539666e-01
5.418019613721103411e-01
4.530847736174099527e-01
3.779332131421700436e-01
3.148114884180250872e-01
2.621612023597061913e-01
2.184940075568932438e-01
1.824447124262513487e-01
1.527964174209215098e-01
1.284870559667291856e-01
1.086044001102232648e-01
9.237455442557623853e-02
7.914733690379732733e-02
6.838073115264309276e-02
5.962573053135744594e-02
5.251230590021926936e-02
4.673684291498680921e-02
4.205115299495426617e-02
3.825301875415165753e-02
3.517815661346024303e-02
3.269344317315314719e-02
3.069124179216276005e-02
2.908467107261347717e-02
2.780367063766131519e-02
2.679173723723204600e-02
2.600322296424921464e-02
2.540110541794077248e-02
2.495515591425259694e-02
2.464044569816992852e-02
2.443614128920079676e-02
2.432454859049276372e-02
2.429037143272930535e-02
2.432015419540775950e-02
2.440188055922036525e-02
2.452470186403462454e-02
2.467876954472483092e-02
2.485514719323343724e-02
2.504577933019910829e-02
2.524349618378317339e-02
2.544203671041303516e-02
2.563607562650431493e-02
2.582124408935090876e-02
2.599413752173377473e-02
2.615230754927530543e-02
2.629423778681364010e-02
2.641930504551942560e-02
2.652772835165499721e-02
2.662050804202406584e-02
2.669935634648734624e-02
2.676661961043014237e-02
2.682519103168107266e-02
2.687841186127404303e-02
2.692995874896159103e-02
2.698371548300682043e-02
2.704362880434195426e-02
2.711355012945557141e-02
2.719706761125534333e-02
2.729733561710706580e-02
2.741691097884552120e-02
2.755760686464520104e-02
2.772037551826239676e-02
2.790523022774538120e-02
2.811121471453115195e-02
2.833642484401519002e-02
2.857808347786322534e-02
2.883266486091901060e-02
2.909606066377622147e-02
2.936377617932378614e-02
2.963114261696474239e-02
2.989353024215563731e-02
3.014654739665862532e-02
3.038621215323465685e-02
3.060908628663545905e-02
3.081236502520606768e-02
3.099392024375404592e-02
3.115229890191015261e-02
3.128668218947425195e-02
3.139681366237578874e-02
3.148290641286823066e-02
3.154553992858757927e-02
3.158555680892327633e-02
3.160396809453014377e-02
3.160187388301499700e-02
3.158040345142687499e-02
3.154067658677045527e-02
3.148378550663855080e-02
3.141079483784449400e-02
3.132275573843559813e-02
3.122072944485382653e-02
3.110581527803084334e-02
3.097917837376375216e-02
3.084207300632907378e-02
3.069585823238751843e-02
3.054200358467684673e-02
3.038208360051882287e-02
3.021776101076724050e-02
3.005075939380463454e-02
2.988282698469109377e-02
2.971569409603492390e-02
2.955102722763904705e-02
2.939038338330125788e-02
2.923516833562520012e-02
2.908660254142890478e-02
2.894569807558944330e-02
2.881324930069992241e-02
2.868983903135616242e-02
2.857586072735268656e-02
2.847155583929555922e-02
2.837706394773625851e-02
2.829248192355104941e-02
2.821792714533399860e-02
2.815359898563618568e-02
2.809983244368674526e-02
2.805713803738668632e-02
2.802622289598222238e-02
2.800798937845672132e-02
2.800350938027507119e-02
2.801397462693988594e-02
2.804062549069519239e-02
2.808466299000011990e-02
2.814715042532656142e-02
2.822891237978308876e-02
2.833043942503321588e-02
2.845180674000657994e-02
2.859261396180101666e-02
2.875195200917024518e-02
2.892840048245137741e-02
2.912005674012863032e-02
2.932459511049684275e-02
2.953935216259750973e-02
2.976143177142229201e-02
2.998782207446198944e-02
3.021551548394085795e-02
3.044162277765202762e-02
3.066347295073917900e-02
3.087869190321426704e-02
3.108525502522258011e-02
3.128151112998139860e-02
3.146617774302523651e-02
3.163831024394958558e-02
3.179724954373253087e-02
3.194255467251738700e-02
3.207392770846972940e-02
3.219113882247937042e-02
3.229395884081909252e-02
3.238210570073474237e-02
3.245520961277437166e-02
3.251279981236598893e-02
3.255431367110639407e-02
3.257912684113550839e-02
3.258660120778444913e-02
3.257614588278778811e-02
3.254728540005658033e-02
3.249972874883967633e-02
3.243343291626066272e-02
3.234865518557880626e-02
3.224598947786949665e-02
3.212638342730095298e-02
3.199113451251082985e-02
3.184186528299794150e-02
3.168047937197605857e-02
3.150910143737641056e-02
3.133000530336300937e-02
3.114553529940958243e-02
3.095802606489470032e-02
3.076972589947493675e-02
3.058272813210666241e-02
3.039891403334321618e-02
3.021990961726386815e-02
3.004705740203345021e-02
2.988140295812043851e-02
2.972369499691815409e-02
2.957439694124111562e-02
2.943370743712991899e-02
2.930158713353288313e-02
2.917778924674344077e-02
2.906189187308033661e-02
2.895333061886579129e-02
2.885143076874524537e-02
2.875543880102482408e-02
2.866455349003743658e-02
2.857795705116772389e-02
2.849484676614079393e-02
2.841446730029259515e-02
