1.126565818846402833e-01
1.127878612039895367e-01
1.129519752528247434e-01
1.131481812146402088e-01
1.133757189697219836e-01
1.136338133584687826e-01
1.139216766780269952e-01
1.142385113869461843e-01
1.145835129928965967e-01
1.149558730989043154e-01
1.153547825840001151e-01
1.157794348947265295e-01
1.162290294245651445e-01
1.167027749590545671e-01
1.171998931651837550e-01
1.177196221045690994e-01
1.182612197509462781e-01
1.188239674936672485e-01
1.194071736101503800e-01
1.200101766916319146e-01
1.206323490080689065e-01
1.212730997996853827e-01
1.219318784844009712e-01
1.226081777722515531e-01
1.233015366798906054e-01
1.240115434403469968e-01
1.247378383054014855e-01
1.254801162402191805e-01
1.262381295122407820e-01
1.270116901787707864e-01
1.278006724802044913e-01
1.286050151483998649e-01
1.294247236422965130e-01
1.302598723255420921e-01
1.311106066035425954e-01
1.319771450400493706e-01
1.328597814760836271e-01
1.337588871766977605e-01
1.346749130337478173e-01
1.356083918555216483e-01
1.365599407766979190e-01
1.375302638247220821e-01
1.385201546812395712e-01
1.395304996797533947e-01
1.405622810831351488e-01
1.416165806870260668e-01
1.426945837975197029e-01
1.437975836337941071e-01
1.449269862085754978e-01
1.460843157414499771e-01
1.472712206620909736e-01
1.484894802624353027e-01
1.497410120587016058e-01
1.510278799259032190e-01
1.523523030691396052e-01
1.537166658974414291e-01
1.551235288672782597e-01
1.565756403639842476e-01
1.580759496902759409e-01
1.596276212317074283e-01
1.612340498692542978e-01
1.628988777092009732e-01
1.646260122000419990e-01
1.664196457051077549e-01
1.682842765979840338e-01
1.702247319453831786e-01
1.722461918387989399e-01
1.743542154318412085e-01
1.765547687344091177e-01
1.788542542075626518e-01
1.812595421938060225e-01
1.837780042061706864e-01
1.864175480855893574e-01
1.891866550191461105e-01
1.920944183913396164e-01
1.951505844159575620e-01
1.983655944668291649e-01
2.017506289908770900e-01
2.053176528456800431e-01
2.090794618552452855e-01
2.130497303208437054e-01
2.172430591574180114e-01
2.216750242490395650e-01
2.263622245277630007e-01
2.313223291776402291e-01
2.365741232480861322e-01
2.421375508267239463e-01
2.480337547697258338e-01
2.542851118160557866e-01
2.609152617195217849e-01
2.679491288180313457e-01
2.754129342220840715e-01
2.833341965439915566e-01
2.917417188058958888e-01
3.006655588595450457e-01
3.101369803263224756e-01
3.201883807259726655e-01
3.308531931124122361e-01
3.421657571828032873e-01
3.541611554821310626e-01
3.668750100035893524e-01
3.803432342024470336e-01
3.946017352193242900e-01
4.096860609741677095e-01
4.256309867760178500e-01
4.424700362325194591e-01
4.602349315790487116e-01
4.789549691273153886e-01
4.986563164086443289e-01
5.193612288120773579e-01
5.410871851470261396e-01
5.638459436474715369e-01
5.876425225265311525e-01
6.124741123223937933e-01
6.383289309675022061e-01
6.651850367560286914e-01
6.930091191406929640e-01
7.217552924775111345e-01
7.513639233242237481e-01
7.817605274945946814e-01
8.128547785219339961e-01
8.445396741698929510e-01
8.766909117616437097e-01
9.091665259400482091e-01
9.418068435437899621e-01
9.744348090991580280e-01
1.006856730520393706e+00
1.038863487589073431e+00
1.070232235371771479e+00
1.100728620837708949e+00
1.130109513684847800e+00
1.158126232175967774e+00
1.184528222326339364e+00
1.209067125073948201e+00
1.231501142378418123e+00
1.251599591025147840e+00
1.269147513862867171e+00
1.283950203873128082e+00
1.295837488301970986e+00
1.304667619214075591e+00
1.310330623949811368e+00
1.312750984213570948e+00
1.311889535420405650e+00
1.307744507383829857e+00
1.300351661794884706e+00
1.289783519148034019e+00
1.276147705487710837e+00
1.259584485206703963e+00
1.240263577912888771e+00
1.218380383236674191e+00
1.194151756024544486e+00
1.167811484898308105e+00
1.139605629525149988e+00
1.109787866601520623e+00
1.078614982467455796e+00
1.046342632773845871e+00
1.013221468284722926e+00
9.794937023441162571e-01
9.453901713424256448e-01
9.111279160748748662e-01
8.769082903350091662e-01
8.429155842729675330e-01
8.093161345081466562e-01
7.762578809658009504e-01
7.438703219018383272e-01
7.122648133819848848e-01
6.815351572357000176e-01
6.517584217638086042e-01
6.229959417495732898e-01
5.952944481101191121e-01
5.686872823606540228e-01
5.431956565289646210e-01
5.188299248955255960e-01
4.955908396561732876e-01
4.734707680877684455e-01
4.524548538834393119e-01
4.325221099091137722e-01
4.136464336601087810e-01
3.957975401462800469e-01
3.789418098162559145e-01
3.630430514761066596e-01
3.480631820099863161e-01
3.339628261225954242e-01
3.207018403522429728e-01
3.082397663055205794e-01
2.965362184946034874e-01
2.855512123664396551e-01
2.752454381451224230e-01
2.655804860046730442e-01
2.565190278838163640e-01
2.480249609762904817e-01
2.400635176039263574e-01
2.326013458247712384e-01
2.256065647604407753e-01
2.190487982577552228e-01
2.128991901386218522e-01
2.071304039456659529e-01
2.017166097638790900e-01
1.966334603934287717e-01
1.918580588674207443e-01
1.873689190513949110e-01
1.831459208285595164e-01
1.791702611654683586e-01
1.754244021659648878e-01
1.718920170553510096e-01
1.685579348903871177e-01
1.654080846622879575e-01
1.624294393477212495e-01
1.596099603653843013e-01
1.569385428114706271e-01
1.544049617748408099e-01
1.519998199706117936e-01
1.497144968779566820e-01
1.475410995230276301e-01
1.454724150100528135e-01
1.435018648719117995e-01
1.416234612850136854e-01
1.398317651713898990e-01
1.381218461929071828e-01
1.364892446278381799e-01
1.349299351082192400e-01
1.334402921870209147e-01
1.320170576968070775e-01
1.306573098559146162e-01
1.293584340739898919e-01
1.281180954057105081e-01
1.269342125995128467e-01
1.258049336869449530e-01
1.247286130577392044e-01
1.237037899657014300e-01
1.227291684109536318e-01
1.218035983448467752e-01
1.209260581448937111e-01
1.200956383083174039e-01
1.193115263141823618e-01
1.185729926055578282e-01
1.178793776447004393e-01
1.172300799957999573e-01
1.166245453914087626e-01
1.160622567402070648e-01
1.155427250352718538e-01
1.150654811234644304e-01
1.146300682979406738e-01
1.142360356771015273e-01
1.138829323345372235e-01
1.135703021456602041e-01
1.132976793177909308e-01
1.130645845714218500e-01
1.128705219412691474e-01
1.127149761665132005e-01
1.125974106403390546e-01
1.125172658895060296e-01
1.124739585552356619e-01
1.124668808471788323e-01
1.124954004426476639e-01
1.125588608036570404e-01
