3.578899277935451706e-01
3.491479375003152530e-01
3.408305426633372881e-01
3.329253705526047380e-01
3.254196603213033723e-01
3.183003819416132529e-01
3.115543412227175790e-01
3.051682718411730111e-01
2.991289153368332232e-01
2.934230900309557910e-01
2.880377498107374312e-01
2.829600336996438981e-01
2.781773070984469021e-01
2.736771955403596301e-01
2.694476117571700247e-01
2.654767768036399578e-01
2.617532359360772443e-01
2.582658698891366900e-01
2.550039021435011599e-01
2.519569027268619976e-01
2.491147890421523126e-01
2.464678241706773076e-01
2.440066130539248479e-01
2.417220969166129496e-01
2.396055462550297777e-01
2.376485526789773040e-01
2.358430198626195184e-01
2.341811538291888595e-01
2.326554527667286654e-01
2.312586965467253730e-01
2.299839360944786470e-01
2.288244827392217351e-01
2.277738976532046600e-01
2.268259814720258727e-01
2.259747641733108048e-01
2.252144952772330289e-01
2.245396344202400529e-01
2.239448423425249302e-01
2.234249723201836568e-01
2.229750620644845305e-01
2.225903261031501046e-01
2.222661486519235674e-01
2.219980769788725550e-01
2.217818152587682778e-01
2.216132189104557393e-01
2.214882894062486507e-01
2.214031695390721866e-01
2.213541391302220052e-01
2.213376111581825678e-01
2.213501282869336784e-01
2.213883597704942030e-01
2.214490987090994567e-01
2.215292596313709339e-01
2.216258763760382000e-01
2.217361002462529540e-01
2.218571984092352345e-01
2.219865525139037565e-01
2.221216574992650461e-01
2.222601205666394630e-01
2.223996602892865382e-01
2.225381058336422524e-01
2.226733962671862965e-01
2.228035799289100893e-01
2.229268138394520093e-01
2.230413631291840448e-01
2.231456004638738833e-01
2.232380054490106791e-01
2.233171639954205645e-01
2.233817676304640232e-01
2.234306127408227649e-01
2.234625997346904036e-01
2.234767321130481932e-01
2.234721154416057232e-01
2.234479562169446876e-01
2.234035606223728210e-01
2.233383331709770658e-01
2.232517752353545548e-01
2.231434834654629773e-01
2.230131480979847813e-01
2.228605511624925928e-01
2.226855645915649107e-01
2.224881482437813807e-01
2.222683478502417709e-01
2.220262928968659843e-01
2.217621944562692127e-01
2.214763429844063825e-01
2.211691060984830037e-01
2.208409263538033962e-01
2.204923190382534204e-01
2.201238700040279994e-01
2.197362335569573999e-01
2.193301304244089089e-01
2.189063458231917947e-01
2.184657276492187883e-01
2.180091848108417496e-01
2.175376857278013276e-01
2.170522570176201538e-01
2.165539823910125339e-01
2.160440017775066557e-01
2.155235107019689011e-01
2.149937599321155579e-01
2.144560554163643662e-01
2.139117585305778668e-01
2.133622866513580352e-01
2.128091140725740793e-01
2.122537732807992517e-01
2.116978566042497512e-01
2.111430182487102902e-01
2.105909767328098259e-01
2.100435177338521586e-01
2.095024973542614077e-01
2.089698458175556772e-01
2.084475716016195856e-01
2.079377660159332786e-01
2.074426082283117867e-01
2.069643707456221837e-01
2.065054253518968652e-01
2.060682495061999242e-01
2.056554332015672615e-01
2.052696862852972370e-01
2.049138462397850913e-01
2.045908864219944945e-01
2.043039247584729212e-01
2.040562328915361268e-01
2.038512457708380743e-01
2.036925716829531829e-01
2.035840027097802207e-01
2.035295256044844237e-01
2.035333330712560396e-01
2.035998354323158566e-01
2.037336726622493432e-01
2.039397267658361601e-01
2.042231344709459218e-01
2.045893002026941410e-01
2.050439092987958456e-01
2.055929414187682713e-01
2.062426840912112147e-01
2.069997463336843146e-01
2.078710722685442880e-01
2.088639546453698315e-01
2.099860481660900946e-01
2.112453824925153989e-01
2.126503747974294589e-01
2.142098416996086052e-01
2.159330103998821637e-01
2.178295288095063453e-01
2.199094744335079454e-01
2.221833617401663408e-01
2.246621477133169953e-01
2.273572352466109170e-01
2.302804739982531879e-01
2.334441582810884985e-01
2.368610215163433619e-01
2.405442267300943737e-01
2.445073525199364939e-01
2.487643738658629200e-01
2.533296371047079609e-01
2.582178283324618739e-01
2.634439344444690634e-01
2.690231959712873211e-01
2.749710508194888603e-01
2.813030679839172432e-01
2.880348702632370972e-01
2.951820449868187146e-01
3.027600417512806841e-01
3.107840561730563778e-01
3.192688986932500361e-01
3.282288475273940076e-01
3.376774849404911016e-01
3.476275161522476842e-01
3.580905703442651689e-01
3.690769834558808027e-01
3.805955627239279160e-01
3.926533332492636030e-01
4.052552672641518416e-01
4.184039972331710655e-01
4.320995144485099693e-01
4.463388553785759827e-01
4.611157786945946357e-01
4.764204366280055392e-01
4.922390450928767480e-01
5.085535578289372971e-01
5.253413506638555663e-01
5.425749228345068120e-01
5.602216231169913074e-01
5.782434092593307096e-01
5.965966498489769787e-01
6.152319782349218169e-01
6.340942084131382384e-01
6.531223228245672807e-01
6.722495417575510279e-01
6.914034834454784173e-01
7.105064229659590058e-01
7.294756566506754858e-01
7.482239768897351873e-01
7.666602599629909198e-01
7.846901668765798865e-01
8.022169541726078545e-01
8.191423883854129784e-01
8.353677543364763647e-01
8.507949439128146274e-01
8.653276085017862496e-01
8.788723550146329000e-01
8.913399625849542929e-01
9.026465947381742128e-01
9.127149802437154458e-01
9.214755351105053949e-01
9.288673983638593423e-01
9.348393554019027718e-01
9.393506248790419733e-01
9.423714881578124647e-01
9.438837443124091786e-01
9.438809783128894182e-01
9.423686351830120600e-01
9.393638983907286466e-01
9.348953762642295828e-01
9.290026055900411084e-01
9.217353865154236381e-01
9.131529672418294830e-01
9.033231005919331036e-01
8.923209972366861198e-01
8.802282021080716223e-01
8.671314212763603368e-01
8.531213263660877288e-01
8.382913624957537557e-01
8.227365838622966443e-01
8.065525385902416744e-01
7.898342214818101503e-01
7.726751099998875327e-01
7.551662953497235709e-01
7.373957170459117805e-01
7.194475059895919511e-01
7.014014379462722992e-01
6.833324964920157729e-01
6.653105420448754970e-01
6.474000815548921484e-01
6.296601318031104233e-01
6.121441680520872675e-01
5.949001489757381744e-01
5.779706083416018547e-01
5.613928037818821659e-01
5.451989131242120923e-01
5.294162691103074803e-01
5.140676238624023453e-01
4.991714351179286080e-01
4.847421670005814254e-01
4.707905988937758912e-01
4.573241367989814288e-01
4.443471223704129058e-01
4.318611355983261735e-01
4.198652878499736230e-01
4.083565026589056068e-01
3.973297822725321837e-01
3.867784585207874049e-01
3.766944270542565976e-01
3.670683644193289963e-01
