1.734023766920864129e-02
1.749834271604370356e-02
1.763660339682436573e-02
1.775601371678409840e-02
1.785788547180949815e-02
1.794360105812813078e-02
1.801436795036837069e-02
1.807099577403224744e-02
1.811371613033538330e-02
1.814206290670797306e-02
1.815482664883510955e-02
1.815009078981860702e-02
1.812535047401328536e-02
1.807770696606186833e-02
1.800412298842057890e-02
1.790171767779469292e-02
1.776807506105235190e-02
1.760153772162953434e-02
1.740145805433479520e-02
1.716838319869631868e-02
1.690415599873348884e-02
1.661192240249712015e-02
1.629604458824371327e-02
1.596192770374517400e-02
1.561577543916575078e-02
1.526429497132301971e-02
1.491437470847161578e-02
1.457275869349560632e-02
1.424573978638096067e-02
1.393889037636843187e-02
1.365684500691796699e-02
1.340314454100133279e-02
1.318014682633096395e-02
1.298900452931458539e-02
1.282970699953805971e-02
1.270117968256729603e-02
1.260143165568669045e-02
1.252773930507297337e-02
1.247685209306962674e-02
1.244520501087719756e-02
1.242912199871780768e-02
1.242499567255997590e-02
1.242943134561166549e-02
1.243934757433004523e-02
1.245203099400643554e-02
1.246514942426812760e-02
1.247673325142377096e-02
1.248513994043148195e-02
1.248901926085333597e-02
1.248729674938555551e-02
1.247918981920486878e-02
1.246426502793146311e-02
1.244253712176365649e-02
1.241460179933239101e-02
1.238178613576194215e-02
1.234629471160065585e-02
1.231132686455035929e-02
1.228114179213984913e-02
1.226105351993134022e-02
1.225734640300024138e-02
1.227711268947315713e-02
1.232802523761986763e-02
1.241806915342566139e-02
1.255526450827528125e-02
1.274741743876121880e-02
1.300193843158786722e-02
1.332576467988518670e-02
1.372541882863309581e-02
1.420723035207142881e-02
1.477773953995942247e-02
1.544429888492775127e-02
1.621588362122333704e-02
1.710412302008046392e-02
1.812456723289607163e-02
1.929821116312874230e-02
2.065330705708018355e-02
2.222751120884175480e-02
2.407042741632123284e-02
2.624663077824263002e-02
2.883928041762473526e-02
3.195445919399841905e-02
3.572641279653840374e-02
4.032389970143213098e-02
4.595790600885543697e-02
5.289102132229209219e-02
6.144880540748395847e-02
7.203348547473502339e-02
8.514028637593590298e-02
1.013765747037513598e-01
1.214837420721213146e-01
1.463612945592437098e-01
1.770918654905590250e-01
2.149647156714068197e-01
2.614935961067224590e-01
3.184224800513469900e-01
3.877095007249192204e-01
4.714754352966509798e-01
5.718985274104786409e-01
6.910332995683681201e-01
8.305295105773099484e-01
9.912326149336828651e-01
1.172664713065453945e+00
1.372420784277134986e+00
1.585570862800926628e+00
1.804226994268677942e+00
2.017491068795080444e+00
2.212006219324440970e+00
2.373245588898930336e+00
2.487467661016908416e+00
2.543989849199359110e+00
2.537201541657337245e+00
2.467702526446856837e+00
2.342185682097004840e+00
2.172102220154320307e+00
1.971548845430931785e+00
1.755006211145703876e+00
1.535480882715429152e+00
1.323351263562921876e+00
1.125943077232435252e+00
9.476728931929806476e-01
7.905296484804578139e-01
6.546853891060446795e-01
5.390897590609250445e-01
4.419699811559781866e-01
3.612096993075099016e-01
2.946116062502304178e-01
2.400636933808589779e-01
1.956329537281402686e-01
1.596085163631569548e-01
1.305119749746842250e-01
1.070880867063507685e-01
8.828499318618399094e-02
7.322995835412154930e-02
6.120431382158504630e-02
5.161971065882586807e-02
4.399672739714023673e-02
3.794622510714981689e-02
3.315345035039093946e-02
2.936467569259065824e-02
2.637607154886295602e-02
2.402447841475432999e-02
2.217976518995928847e-02
2.073849732872246054e-02
1.961868474013894748e-02
1.875542523469389544e-02
1.809729978643714876e-02
1.760340837135015990e-02
1.724095893277696745e-02
1.698333774440116684e-02
1.680859861257513743e-02
1.669831297488424959e-02
1.663672509070139582e-02
1.661015803147065234e-02
1.660661845112175461e-02
1.661555194968174914e-02
1.662770643014827715e-02
1.663506786090718920e-02
1.663084059761614497e-02
1.660945202449146119e-02
1.656656791266994389e-02
1.649910993320206909e-02
1.640526989138544126e-02
1.628451651344092754e-02
1.613759039065775294e-02
1.596648158349504160e-02
1.577438313255855387e-02
1.556561300893129739e-02
1.534549740158409024e-02
1.512020997768327366e-02
1.489656486905974013e-02
1.468176536531732093e-02
1.448311514168201808e-02
1.430770369653594498e-02
1.416208186961409772e-02
1.405194627757140949e-02
1.398185281111159056e-02
1.395497876369299756e-02
1.397295070714275195e-02
1.403575110938709916e-02
1.414171129682712143e-02
1.428759221573619627e-02
1.446874812308575169e-02
1.467936241655239810e-02
1.491273981787920831e-02
1.516163547023360869e-02
1.541859947654461438e-02
1.567631511083794615e-02
1.592791033346702828e-02
1.616722513643095369e-02
1.638902131198363005e-02
1.658912606252590030e-02
1.676450599554622431e-02
1.691327302438985769e-02
1.703462812817087280e-02
1.712875250807294886e-02
1.719665822334975891e-02
1.724001182959884748e-02
1.726094491419261079e-02
1.726186485189780406e-02
1.724527776009326940e-02
1.721363370571565854e-02
1.716920188202747388e-02
1.711398088344323609e-02
1.704964648480616907e-02
1.697753658549111533e-02
1.689867031768035877e-02
1.681379586943820836e-02
1.672345949078946070e-02
1.662808661100356744e-02
1.652806517602870007e-02
1.642382136534242809e-02
1.631587884935767341e-02
1.620489468368005448e-02
1.609166766645583890e-02
1.597711825146948261e-02
1.586224255862533905e-02
1.574804625036643757e-02
1.563546665087569426e-02
1.552529314696329821e-02
1.541809641795216512e-02
1.531417634046888798e-02
1.521353660263458085e-02
1.511589137461724630e-02
1.502070614369582779e-02
1.492727139325222829e-02
1.483480453059704551e-02
1.474257263300648990e-02
1.465002638709689275e-02
1.455693416143943875e-02
1.446350452474665094e-02
1.437048570624521737e-02
1.427923147483256550e-02
1.419172466669005317e-02
1.411055208672262751e-02
1.403882769175779366e-02
1.398006472453694471e-02
1.393800161835057061e-02
1.391639074695127931e-02
1.391876307484496422e-02
1.394818502922912096e-02
1.400702602056957957e-02
1.409675560371592695e-02
1.421778805517448507e-02
1.436938910488883003e-02
1.454965489482451524e-02
1.475556735957028742e-02
1.498312373190402447e-02
1.522753146261734969e-02
1.548345420045132981e-02
1.574529019460257917e-02
1.600746196550406619e-02
1.626469551609227571e-02
1.651226866675609140e-02
1.674621103358239771e-02
1.696344233676899682e-02
1.716184067233890442e-02
