1.734023766920766985e-02
1.749834271604302355e-02
1.763660339682412981e-02
1.775601371678411922e-02
1.785788547181035857e-02
1.794360105812941794e-02
1.801436795037038643e-02
1.807099577403449911e-02
1.811371613033823172e-02
1.814206290671067923e-02
1.815482664883798919e-02
1.815009078982134788e-02
1.812535047401576255e-02
1.807770696606427266e-02
1.800412298842275771e-02
1.790171767779646927e-02
1.776807506105364254e-02
1.760153772163048150e-02
1.740145805433536072e-02
1.716838319869650256e-02
1.690415599873344027e-02
1.661192240249675586e-02
1.629604458824332816e-02
1.596192770374467787e-02
1.561577543916526853e-02
1.526429497132249929e-02
1.491437470847114394e-02
1.457275869349503039e-02
1.424573978638025984e-02
1.393889037636768941e-02
1.365684500691725922e-02
1.340314454100031971e-02
1.318014682632975831e-02
1.298900452931302241e-02
1.282970699953625560e-02
1.270117968256528895e-02
1.260143165568447521e-02
1.252773930507058986e-02
1.247685209306725884e-02
1.244520501087514885e-02
1.242912199871570866e-02
1.242499567255761495e-02
1.242943134560903218e-02
1.243934757432751947e-02
1.245203099400438163e-02
1.246514942426635297e-02
1.247673325142262257e-02
1.248513994043043418e-02
1.248901926085277392e-02
1.248729674938486855e-02
1.247918981920465020e-02
1.246426502793102076e-02
1.244253712176357496e-02
1.241460179933195906e-02
1.238178613576193521e-02
1.234629471160039738e-02
1.231132686455035929e-02
1.228114179213982138e-02
1.226105351993135584e-02
1.225734640300019107e-02
1.227711268947305479e-02
1.232802523762009661e-02
1.241806915342602569e-02
1.255526450827590401e-02
1.274741743876187799e-02
1.300193843158876927e-02
1.332576467988618937e-02
1.372541882863395624e-02
1.420723035207223720e-02
1.477773953996021176e-02
1.544429888492811036e-02
1.621588362122333704e-02
1.710412302008034249e-02
1.812456723289617919e-02
1.929821116312889842e-02
2.065330705708064499e-02
2.222751120884239664e-02
2.407042741632189550e-02
2.624663077824349738e-02
2.883928041762598427e-02
3.195445919399961948e-02
3.572641279653930579e-02
4.032389970143317182e-02
4.595790600885642230e-02
5.289102132229270281e-02
6.144880540748452052e-02
7.203348547473567565e-02
8.514028637593662463e-02
1.013765747037518455e-01
1.214837420721216615e-01
1.463612945592441261e-01
1.770918654905594691e-01
2.149647156714071805e-01
2.614935961067229586e-01
3.184224800513478226e-01
3.877095007249200531e-01
4.714754352966517015e-01
5.718985274104788630e-01
6.910332995683681201e-01
8.305295105773093933e-01
9.912326149336815329e-01
1.172664713065452391e+00
1.372420784277133210e+00
1.585570862800924852e+00
1.804226994268675277e+00
2.017491068795078668e+00
2.212006219324439193e+00
2.373245588898929448e+00
2.487467661016908416e+00
2.543989849199359554e+00
2.537201541657338577e+00
2.467702526446858613e+00
2.342185682097006616e+00
2.172102220154322083e+00
1.971548845430932673e+00
1.755006211145704320e+00
1.535480882715428930e+00
1.323351263562921432e+00
1.125943077232434586e+00
9.476728931929798705e-01
7.905296484804572588e-01
6.546853891060441244e-01
5.390897590609249335e-01
4.419699811559781866e-01
3.612096993075102902e-01
2.946116062502311950e-01
2.400636933808600604e-01
1.956329537281416286e-01
1.596085163631584536e-01
1.305119749746856128e-01
1.070880867063520869e-01
8.828499318618543423e-02
7.322995835412277055e-02
6.120431382158611489e-02
5.161971065882721421e-02
4.399672739714130532e-02
3.794622510715084385e-02
3.315345035039188315e-02
2.936467569259151172e-02
2.637607154886369848e-02
2.402447841475459367e-02
2.217976518995943072e-02
2.073849732872239809e-02
1.961868474013869768e-02
1.875542523469361095e-02
1.809729978643683998e-02
1.760340837134996908e-02
1.724095893277667255e-02
1.698333774440091010e-02
1.680859861257482171e-02
1.669831297488398245e-02
1.663672509070096214e-02
1.661015803147056560e-02
1.660661845112187257e-02
1.661555194968201282e-02
1.662770643014853389e-02
1.663506786090744594e-02
1.663084059761630457e-02
1.660945202449191915e-02
1.656656791267045736e-02
1.649910993320283237e-02
1.640526989138650638e-02
1.628451651344223206e-02
1.613759039065942869e-02
1.596648158349697755e-02
1.577438313256071534e-02
1.556561300893377631e-02
1.534549740158624997e-02
1.512020997768581676e-02
1.489656486906232313e-02
1.468176536531951015e-02
1.448311514168454384e-02
1.430770369653822094e-02
1.416208186961631643e-02
1.405194627757300196e-02
1.398185281111330447e-02
1.395497876369489187e-02
1.397295070714432708e-02
1.403575110938809489e-02
1.414171129682834094e-02
1.428759221573738802e-02
1.446874812308707181e-02
1.467936241655362628e-02
1.491273981788052150e-02
1.516163547023471891e-02
1.541859947654586338e-02
1.567631511083882045e-02
1.592791033346774299e-02
1.616722513643141512e-02
1.638902131198381740e-02
1.658912606252579969e-02
1.676450599554553389e-02
1.691327302438887931e-02
1.703462812816956828e-02
1.712875250807133556e-02
1.719665822334780908e-02
1.724001182959648479e-02
1.726094491419011973e-02
1.726186485189478564e-02
1.724527776009016772e-02
1.721363370571246318e-02
1.716920188202416056e-02
1.711398088343990195e-02
1.704964648480322351e-02
1.697753658548828773e-02
1.689867031767759362e-02
1.681379586943577975e-02
1.672345949078746230e-02
1.662808661100202701e-02
1.652806517602737821e-02
1.642382136534156767e-02
1.631587884935702115e-02
1.620489468367963468e-02
1.609166766645540175e-02
1.597711825146880954e-02
1.586224255862477700e-02
1.574804625036552164e-02
1.563546665087471588e-02
1.552529314696206308e-02
1.541809641795091612e-02
1.531417634046740306e-02
1.521353660263291552e-02
1.511589137461538668e-02
1.502070614369421797e-02
1.492727139325086827e-02
1.483480453059610182e-02
1.474257263300571275e-02
1.465002638709655969e-02
1.455693416143966079e-02
1.446350452474676196e-02
1.437048570624543942e-02
1.427923147483300959e-02
1.419172466669083033e-02
1.411055208672329364e-02
1.403882769175823775e-02
1.398006472453738880e-02
1.393800161835123674e-02
1.391639074695238953e-02
1.391876307484629649e-02
1.394818502923045322e-02
1.400702602057135593e-02
1.409675560371770331e-02
1.421778805517626143e-02
1.436938910489038435e-02
1.454965489482606955e-02
1.475556735957150867e-02
1.498312373190480162e-02
1.522753146261779378e-02
1.548345420045149634e-02
1.574529019460235713e-02
1.600746196550328904e-02
1.626469551609119324e-02
1.651226866675498117e-02
1.674621103358120422e-02
1.696344233676763680e-02
1.716184067233769706e-02
