2.686969220002470571e-02
2.693218483779088318e-02
2.702405362161317687e-02
2.713965383361693906e-02
2.727357812841730428e-02
2.742090916072938839e-02
2.757741221911673424e-02
2.773965978979364699e-02
2.790508544177836003e-02
2.807196970663816682e-02
2.823936539712135901e-02
2.840697378962799002e-02
2.857498605148363346e-02
2.874390604141496830e-02
2.891437102961444405e-02
2.908698593380198982e-02
2.926218441388339642e-02
2.944012679125673770e-02
2.962064055859991996e-02
2.980320462198426945e-02
2.998697383382747939e-02
3.017083630968098173e-02
3.035349290426037072e-02
3.053354637834471141e-02
3.070958739521878478e-02
3.088026554823830594e-02
3.104433597513955867e-02
3.120067545275007070e-02
3.134826578492266869e-02
3.148614635562130282e-02
3.161334149567029961e-02
3.172877144988195397e-02
3.183115797266000691e-02
3.191893677587054334e-02
3.199018915762874560e-02
3.204260419504512125e-02
3.207348099010498554e-02
3.207977775746106985e-02
3.205821120171581384e-02
3.200540583295741204e-02
3.191808881482632865e-02
3.179332185559791135e-02
3.162875779476281846e-02
3.142290618748488917e-02
3.117538964421606718e-02
3.088717123196935144e-02
3.056073313669246949e-02
3.020018819591424597e-02
2.981130889922978255e-02
2.940146294558571016e-02
2.897945021503869900e-02
2.855524268795146814e-02
2.813963593403286112e-02
2.774382772270541503e-02
2.737894547051796315e-02
2.705554906484684483e-02
2.678313859792843393e-02
2.656969736454718733e-02
2.642129895715351895e-02
2.634180348045775735e-02
2.633266206737848100e-02
2.639284147624947757e-02
2.651887221846153941e-02
2.670501514849884378e-02
2.694353352178566890e-02
2.722505091704953417e-02
2.753897072010845146e-02
2.787393045393644214e-02
2.821826422828022096e-02
2.856044879639603462e-02
2.888951270382224962e-02
2.919539314365051860e-02
2.946923063214163321e-02
2.970359673284744470e-02
2.989265416305092113e-02
3.003225132699509359e-02
3.011995455536715244e-02
3.015502132902914828e-02
3.013831704017091301e-02
3.007217708037795284e-02
2.996021595524996084e-02
2.980708629078082650e-02
2.961819332309517661e-02
2.939937467797429371e-02
2.915656046617670638e-02
2.889543409600123236e-02
2.862111864704652842e-02
2.833791601644092273e-02
2.804912536418407987e-02
2.775696304855634899e-02
2.746259820084429037e-02
2.716630691457577740e-02
2.686773490133731457e-02
2.656624505563021099e-02
2.626131458997993384e-02
2.595293812200505368e-02
2.564198983608434457e-02
2.533050048664664544e-02
2.502181360957783651e-02
2.472059901164175288e-02
2.443271873675073591e-02
2.416495897500481327e-02
2.392465822225392502e-02
2.371927497196701928e-02
2.355594540223532318e-02
2.344108183013199342e-02
2.338005611442389720e-02
2.337699975471926872e-02
2.343473616813884775e-02
2.355484317960124252e-02
2.373782802731843472e-02
2.398338581461922914e-02
2.429070730988945603e-02
2.465880426822356780e-02
2.508682978555789797e-02
2.557438618728950785e-02
2.612183123446735686e-02
2.673061207923080676e-02
2.740367244200965502e-02
2.814598942013455882e-02
2.896530062308386166e-02
2.987307968548990472e-02
3.088580974111062097e-02
3.202659251830430182e-02
3.332711862834390748e-02
3.483001605038645726e-02
3.659159224294468438e-02
3.868499336470574562e-02
4.120382302400045493e-02
4.426629228603898986e-02
4.802000985926587612e-02
5.264756191862725310e-02
5.837306831592996986e-02
6.546992726005382290e-02
7.426996274997546554e-02
8.517415371026201831e-02
9.866503190371683774e-02
1.153206616053795153e-01
1.358298227614070097e-01
1.610075640246341200e-01
1.918096122936991388e-01
2.293431493906779028e-01
2.748701209400833401e-01
3.297974771932060678e-01
3.956465833748327721e-01
4.739916615934822719e-01
5.663550164991577596e-01
6.740459040739168461e-01
7.979318226215410537e-01
9.381380162293498914e-01
1.093685709011012808e+00
1.262103943112202975e+00
1.439083001786765292e+00
1.618272752084038757e+00
1.791352431575292448e+00
1.948488334972363845e+00
2.079232766707387547e+00
2.173798234319369804e+00
2.224493548532385567e+00
2.226994053856250488e+00
2.181104532970997489e+00
2.090791737001634232e+00
1.963477528796931271e+00
1.808801289423212388e+00
1.637187546069001964e+00
1.458550758663648139e+00
1.281361090800809066e+00
1.112149007002017242e+00
9.554043013675395102e-01
8.137573033104643638e-01
6.883155755773785467e-01
5.790500728148673115e-01
4.851595317354641113e-01
4.053756754869257684e-01
3.381972047252893576e-01
2.820560631884534430e-01
2.354268848376209200e-01
1.968926048832725373e-01
1.651783864163811344e-01
1.391639573526465279e-01
1.178821337643238404e-01
1.005091911086371248e-01
8.635100841775185387e-02
7.482757671225037654e-02
6.545748894264821760e-02
5.784334808295561736e-02
5.165857398081623308e-02
4.663579738563519705e-02
4.255685168469161561e-02
3.924427132976506666e-02
3.655415325433872265e-02
3.437021500304052873e-02
3.259887878789771015e-02
3.116521697297323923e-02
3.000960731608167190e-02
2.908496310287909253e-02
2.835442235525512805e-02
2.778940020255909332e-02
2.736792808495788071e-02
2.707322172297929250e-02
2.689243599821053085e-02
2.681557860083346248e-02
2.683456534373265465e-02
2.694240847222136026e-02
2.713253529221323207e-02
2.739823821327760228e-02
2.773225904246742063e-02
2.812651020371351868e-02
2.857193359902314433e-02
2.905849420144235307e-02
2.957530040424682927e-02
3.011083703617564722e-02
3.065329037050784633e-02
3.119093816196413793e-02
3.171257259863624611e-02
3.220792090439067445e-02
3.266802787015515852e-02
3.308556724867284249e-02
3.345505475452204003e-02
3.377294398460395364e-02
3.403759713389442609e-02
3.424913384835692742e-02
3.440917270293608610e-02
3.452048941441387964e-02
3.458662298850467831e-02
3.461146487906319180e-02
3.459886663126315876e-02
3.455229853116920102e-02
3.447458599260738721e-02
3.436774253786722966e-02
3.423290916321436450e-02
3.407040052242937822e-02
3.387984951653227883e-02
3.366043419089465027e-02
3.341116477268873952e-02
3.313120451627701857e-02
3.282019589895129874e-02
3.247856364959950115e-02
3.210776803858537282e-02
3.171048567455625466e-02
3.129070052945759350e-02
3.085369473729279027e-02
3.040593646423270582e-02
2.995487029271151624e-02
2.950862347126463267e-02
2.907564837868989796e-02
2.866432698129618012e-02
2.828256637551743516e-02
2.793741533925957199e-02
2.763473004416270445e-02
2.737891286296182183e-02
2.717274196215294785e-02
2.701730173672897695e-02
2.691201589193067262e-02
2.685477691339413150e-02
2.684215853428120052e-02
