1.126565818846405054e-01
1.127878612039897588e-01
1.129519752528246324e-01
1.131481812146400978e-01
1.133757189697215395e-01
1.136338133584680055e-01
1.139216766780262180e-01
1.142385113869448521e-01
1.145835129928951535e-01
1.149558730989028721e-01
1.153547825839984498e-01
1.157794348947246421e-01
1.162290294245632571e-01
1.167027749590524577e-01
1.171998931651816456e-01
1.177196221045666569e-01
1.182612197509439467e-01
1.188239674936648615e-01
1.194071736101480763e-01
1.200101766916294999e-01
1.206323490080664085e-01
1.212730997996828153e-01
1.219318784843983483e-01
1.226081777722490829e-01
1.233015366798878576e-01
1.240115434403440409e-01
1.247378383053984741e-01
1.254801162402160997e-01
1.262381295122375069e-01
1.270116901787674002e-01
1.278006724802011052e-01
1.286050151483963955e-01
1.294247236422929881e-01
1.302598723255384561e-01
1.311106066035389595e-01
1.319771450400456514e-01
1.328597814760798246e-01
1.337588871766938747e-01
1.346749130337440148e-01
1.356083918555176238e-01
1.365599407766940332e-01
1.375302638247181131e-01
1.385201546812354079e-01
1.395304996797492869e-01
1.405622810831309577e-01
1.416165806870218480e-01
1.426945837975153730e-01
1.437975836337895552e-01
1.449269862085709737e-01
1.460843157414453697e-01
1.472712206620863384e-01
1.484894802624306398e-01
1.497410120586967763e-01
1.510278799258981675e-01
1.523523030691346369e-01
1.537166658974363775e-01
1.551235288672730417e-01
1.565756403639789462e-01
1.580759496902705286e-01
1.596276212317017662e-01
1.612340498692487745e-01
1.628988777091953111e-01
1.646260122000360593e-01
1.664196457051020650e-01
1.682842765979783717e-01
1.702247319453774888e-01
1.722461918387933888e-01
1.743542154318356019e-01
1.765547687344034555e-01
1.788542542075570174e-01
1.812595421938004436e-01
1.837780042061649133e-01
1.864175480855839173e-01
1.891866550191407259e-01
1.920944183913342873e-01
1.951505844159523995e-01
1.983655944668242799e-01
2.017506289908724826e-01
2.053176528456752692e-01
2.090794618552410111e-01
2.130497303208395143e-01
2.172430591574142089e-01
2.216750242490362344e-01
2.263622245277600586e-01
2.313223291776374535e-01
2.365741232480834677e-01
2.421375508267216148e-01
2.480337547697238909e-01
2.542851118160539547e-01
2.609152617195202306e-01
2.679491288180299025e-01
2.754129342220825727e-01
2.833341965439901688e-01
2.917417188058947786e-01
3.006655588595437134e-01
3.101369803263216429e-01
3.201883807259716663e-01
3.308531931124112924e-01
3.421657571828025102e-01
3.541611554821302299e-01
3.668750100035884643e-01
3.803432342024465895e-01
3.946017352193237349e-01
4.096860609741671544e-01
4.256309867760172949e-01
4.424700362325189595e-01
4.602349315790482120e-01
4.789549691273147225e-01
4.986563164086438293e-01
5.193612288120765808e-01
5.410871851470249183e-01
5.638459436474703157e-01
5.876425225265297092e-01
6.124741123223922390e-01
6.383289309675005407e-01
6.651850367560264710e-01
6.930091191406902995e-01
7.217552924775083589e-01
7.513639233242206394e-01
7.817605274945911287e-01
8.128547785219304433e-01
8.445396741698888432e-01
8.766909117616394909e-01
9.091665259400434351e-01
9.418068435437848551e-01
9.744348090991528100e-01
1.006856730520387710e+00
1.038863487589067214e+00
1.070232235371765039e+00
1.100728620837702287e+00
1.130109513684840916e+00
1.158126232175960446e+00
1.184528222326332259e+00
1.209067125073941318e+00
1.231501142378411018e+00
1.251599591025140734e+00
1.269147513862860510e+00
1.283950203873121643e+00
1.295837488301964768e+00
1.304667619214069596e+00
1.310330623949806039e+00
1.312750984213566063e+00
1.311889535420400765e+00
1.307744507383825638e+00
1.300351661794881153e+00
1.289783519148030910e+00
1.276147705487708395e+00
1.259584485206702187e+00
1.240263577912887882e+00
1.218380383236673747e+00
1.194151756024544708e+00
1.167811484898309438e+00
1.139605629525151986e+00
1.109787866601522843e+00
1.078614982467458683e+00
1.046342632773849424e+00
1.013221468284726701e+00
9.794937023441205870e-01
9.453901713424303077e-01
9.111279160748799733e-01
8.769082903350146063e-01
8.429155842729731951e-01
8.093161345081527625e-01
7.762578809658071677e-01
7.438703219018449886e-01
7.122648133819915461e-01
6.815351572357070120e-01
6.517584217638155986e-01
6.229959417495802843e-01
5.952944481101261065e-01
5.686872823606613503e-01
5.431956565289721706e-01
5.188299248955331455e-01
4.955908396561807816e-01
4.734707680877761060e-01
4.524548538834469724e-01
4.325221099091214882e-01
4.136464336601164415e-01
3.957975401462875409e-01
3.789418098162630200e-01
3.630430514761137095e-01
3.480631820099930329e-01
3.339628261226021411e-01
3.207018403522496341e-01
3.082397663055271853e-01
2.965362184946099822e-01
2.855512123664460944e-01
2.752454381451288068e-01
2.655804860046792060e-01
2.565190278838223037e-01
2.480249609762963381e-01
2.400635176039320751e-01
2.326013458247769006e-01
2.256065647604461877e-01
2.190487982577605519e-01
2.128991901386270147e-01
2.071304039456709489e-01
2.017166097638837807e-01
1.966334603934337399e-01
1.918580588674256293e-01
1.873689190514000180e-01
1.831459208285645679e-01
1.791702611654735766e-01
1.754244021659703834e-01
1.718920170553564497e-01
1.685579348903926133e-01
1.654080846622935086e-01
1.624294393477267451e-01
1.596099603653897692e-01
1.569385428114760672e-01
1.544049617748461389e-01
1.519998199706167896e-01
1.497144968779617336e-01
1.475410995230325151e-01
1.454724150100576985e-01
1.435018648719167400e-01
1.416234612850185981e-01
1.398317651713948950e-01
1.381218461929120955e-01
1.364892446278432869e-01
1.349299351082241805e-01
1.334402921870257441e-01
1.320170576968120180e-01
1.306573098559193347e-01
1.293584340739943606e-01
1.281180954057150323e-01
1.269342125995171489e-01
1.258049336869491164e-01
1.247286130577433261e-01
1.237037899657054546e-01
1.227291684109577119e-01
1.218035983448507997e-01
1.209260581448978328e-01
1.200956383083214979e-01
1.193115263141863863e-01
1.185729926055620331e-01
1.178793776447044778e-01
1.172300799958040096e-01
1.166245453914128705e-01
1.160622567402108396e-01
1.155427250352756424e-01
1.150654811234681496e-01
1.146300682979442820e-01
1.142360356771051078e-01
1.138829323345404571e-01
1.135703021456632017e-01
1.132976793177936370e-01
1.130645845714243897e-01
1.128705219412711735e-01
1.127149761665149075e-01
1.125974106403403729e-01
1.125172658895070565e-01
1.124739585552362309e-01
1.124668808471793180e-01
1.124954004426480803e-01
1.125588608036572069e-01
