3.578899277935526646e-01
3.491479375003223029e-01
3.408305426633441715e-01
3.329253705526113438e-01
3.254196603213096450e-01
3.183003819416193592e-01
3.115543412227234077e-01
3.051682718411787287e-01
2.991289153368387188e-01
2.934230900309608980e-01
2.880377498107424827e-01
2.829600336996485055e-01
2.781773070984516760e-01
2.736771955403639045e-01
2.694476117571741325e-01
2.654767768036440101e-01
2.617532359360809080e-01
2.582658698891400206e-01
2.550039021435045461e-01
2.519569027268651062e-01
2.491147890421552269e-01
2.464678241706801387e-01
2.440066130539275402e-01
2.417220969166154476e-01
2.396055462550320814e-01
2.376485526789793579e-01
2.358430198626214891e-01
2.341811538291907746e-01
2.326554527667304140e-01
2.312586965467269273e-01
2.299839360944803679e-01
2.288244827392230951e-01
2.277738976532059090e-01
2.268259814720268441e-01
2.259747641733118872e-01
2.252144952772339725e-01
2.245396344202408856e-01
2.239448423425255130e-01
2.234249723201842119e-01
2.229750620644849746e-01
2.225903261031502989e-01
2.222661486519238727e-01
2.219980769788725272e-01
2.217818152587683611e-01
2.216132189104558226e-01
2.214882894062484564e-01
2.214031695390721310e-01
2.213541391302216721e-01
2.213376111581820960e-01
2.213501282869333453e-01
2.213883597704935646e-01
2.214490987090987906e-01
2.215292596313703788e-01
2.216258763760375894e-01
2.217361002462521768e-01
2.218571984092343463e-01
2.219865525139026463e-01
2.221216574992639359e-01
2.222601205666383251e-01
2.223996602892854557e-01
2.225381058336411422e-01
2.226733962671850753e-01
2.228035799289088958e-01
2.229268138394508159e-01
2.230413631291826571e-01
2.231456004638724400e-01
2.232380054490092358e-01
2.233171639954191212e-01
2.233817676304628574e-01
2.234306127408212106e-01
2.234625997346887938e-01
2.234767321130466389e-01
2.234721154416043354e-01
2.234479562169432443e-01
2.234035606223712112e-01
2.233383331709757336e-01
2.232517752353531115e-01
2.231434834654615340e-01
2.230131480979834491e-01
2.228605511624911495e-01
2.226855645915633009e-01
2.224881482437800484e-01
2.222683478502403553e-01
2.220262928968647631e-01
2.217621944562680469e-01
2.214763429844052167e-01
2.211691060984818935e-01
2.208409263538023692e-01
2.204923190382522824e-01
2.201238700040267782e-01
2.197362335569561509e-01
2.193301304244079097e-01
2.189063458231905734e-01
2.184657276492179001e-01
2.180091848108406394e-01
2.175376857278003007e-01
2.170522570176189880e-01
2.165539823910117567e-01
2.160440017775058230e-01
2.155235107019681795e-01
2.149937599321147808e-01
2.144560554163637001e-01
2.139117585305773672e-01
2.133622866513572580e-01
2.128091140725733854e-01
2.122537732807987243e-01
2.116978566042492516e-01
2.111430182487096796e-01
2.105909767328092153e-01
2.100435177338516590e-01
2.095024973542609081e-01
2.089698458175552886e-01
2.084475716016190860e-01
2.079377660159329733e-01
2.074426082283112871e-01
2.069643707456217674e-01
2.065054253518965877e-01
2.060682495061996189e-01
2.056554332015672060e-01
2.052696862852971815e-01
2.049138462397847582e-01
2.045908864219942447e-01
2.043039247584729490e-01
2.040562328915359880e-01
2.038512457708379078e-01
2.036925716829530719e-01
2.035840027097803595e-01
2.035295256044844792e-01
2.035333330712560673e-01
2.035998354323159121e-01
2.037336726622493432e-01
2.039397267658363266e-01
2.042231344709461160e-01
2.045893002026941687e-01
2.050439092987959289e-01
2.055929414187683268e-01
2.062426840912113535e-01
2.069997463336843424e-01
2.078710722685443990e-01
2.088639546453698870e-01
2.099860481660901779e-01
2.112453824925153434e-01
2.126503747974294312e-01
2.142098416996084109e-01
2.159330103998820527e-01
2.178295288095062343e-01
2.199094744335075291e-01
2.221833617401659244e-01
2.246621477133164957e-01
2.273572352466103341e-01
2.302804739982526605e-01
2.334441582810878324e-01
2.368610215163423349e-01
2.405442267300933190e-01
2.445073525199353004e-01
2.487643738658615600e-01
2.533296371047064621e-01
2.582178283324599866e-01
2.634439344444671760e-01
2.690231959712851006e-01
2.749710508194865843e-01
2.813030679839148007e-01
2.880348702632344882e-01
2.951820449868157170e-01
3.027600417512771869e-01
3.107840561730527140e-01
3.192688986932461503e-01
3.282288475273896222e-01
3.376774849404864387e-01
3.476275161522429658e-01
3.580905703442601729e-01
3.690769834558752516e-01
3.805955627239219208e-01
3.926533332492574413e-01
4.052552672641449583e-01
4.184039972331638491e-01
4.320995144485026973e-01
4.463388553785682111e-01
4.611157786945864201e-01
4.764204366279968239e-01
4.922390450928676442e-01
5.085535578289279712e-01
5.253413506638457964e-01
5.425749228344964870e-01
5.602216231169807603e-01
5.782434092593199404e-01
5.965966498489658765e-01
6.152319782349102706e-01
6.340942084131264700e-01
6.531223228245555124e-01
6.722495417575391485e-01
6.914034834454664269e-01
7.105064229659467934e-01
7.294756566506631623e-01
7.482239768897231968e-01
7.666602599629787074e-01
7.846901668765680071e-01
8.022169541725960862e-01
8.191423883854012100e-01
8.353677543364652625e-01
8.507949439128039693e-01
8.653276085017759245e-01
8.788723550146231300e-01
8.913399625849449670e-01
9.026465947381656640e-01
9.127149802437077852e-01
9.214755351104980674e-01
9.288673983638530141e-01
9.348393554018974427e-01
9.393506248790374213e-01
9.423714881578089120e-01
9.438837443124064031e-01
9.438809783128876418e-01
9.423686351830112828e-01
9.393638983907286466e-01
9.348953762642305820e-01
9.290026055900434399e-01
9.217353865154266357e-01
9.131529672418332577e-01
9.033231005919379886e-01
8.923209972366916709e-01
8.802282021080780616e-01
8.671314212763673313e-01
8.531213263660956114e-01
8.382913624957624155e-01
8.227365838623056371e-01
8.065525385902510003e-01
7.898342214818201423e-01
7.726751099998976358e-01
7.551662953497342290e-01
7.373957170459224386e-01
7.194475059896031643e-01
7.014014379462836235e-01
6.833324964920273192e-01
6.653105420448872653e-01
6.474000815549036947e-01
6.296601318031219696e-01
6.121441680520988138e-01
5.949001489757494987e-01
5.779706083416131790e-01
5.613928037818933792e-01
5.451989131242231945e-01
5.294162691103183604e-01
5.140676238624130034e-01
4.991714351179389886e-01
4.847421670005914729e-01
4.707905988937859387e-01
4.573241367989913098e-01
4.443471223704223427e-01
4.318611355983354438e-01
4.198652878499827823e-01
4.083565026589143221e-01
3.973297822725406769e-01
3.867784585207956205e-01
3.766944270542645912e-01
3.670683644193366568e-01
