1.126565818846425038e-01
1.127878612039915907e-01
1.129519752528264087e-01
1.131481812146418742e-01
1.133757189697232048e-01
1.136338133584697818e-01
1.139216766780279944e-01
1.142385113869468505e-01
1.145835129928969298e-01
1.149558730989046484e-01
1.153547825840002261e-01
1.157794348947263074e-01
1.162290294245649225e-01
1.167027749590541230e-01
1.171998931651831999e-01
1.177196221045682112e-01
1.182612197509453900e-01
1.188239674936658608e-01
1.194071736101489645e-01
1.200101766916304991e-01
1.206323490080670746e-01
1.212730997996834814e-01
1.219318784843989034e-01
1.226081777722496380e-01
1.233015366798884127e-01
1.240115434403448735e-01
1.247378383053993067e-01
1.254801162402170434e-01
1.262381295122386726e-01
1.270116901787686770e-01
1.278006724802027150e-01
1.286050151483981718e-01
1.294247236422947367e-01
1.302598723255403990e-01
1.311106066035409023e-01
1.319771450400476498e-01
1.328597814760817952e-01
1.337588871766960119e-01
1.346749130337461797e-01
1.356083918555199275e-01
1.365599407766961426e-01
1.375302638247203058e-01
1.385201546812376838e-01
1.395304996797514796e-01
1.405622810831331782e-01
1.416165806870240684e-01
1.426945837975175935e-01
1.437975836337921365e-01
1.449269862085734439e-01
1.460843157414478399e-01
1.472712206620888087e-01
1.484894802624333598e-01
1.497410120586996074e-01
1.510278799259010540e-01
1.523523030691374958e-01
1.537166658974391253e-01
1.551235288672758172e-01
1.565756403639816108e-01
1.580759496902730821e-01
1.596276212317045973e-01
1.612340498692513557e-01
1.628988777091977813e-01
1.646260122000387238e-01
1.664196457051045630e-01
1.682842765979807309e-01
1.702247319453799590e-01
1.722461918387957758e-01
1.743542154318378778e-01
1.765547687344057315e-01
1.788542542075592379e-01
1.812595421938027473e-01
1.837780042061671892e-01
1.864175480855858602e-01
1.891866550191426133e-01
1.920944183913362302e-01
1.951505844159541758e-01
1.983655944668260562e-01
2.017506289908742589e-01
2.053176528456772676e-01
2.090794618552429540e-01
2.130497303208416793e-01
2.172430591574162073e-01
2.216750242490381217e-01
2.263622245277617240e-01
2.313223291776391743e-01
2.365741232480851330e-01
2.421375508267231691e-01
2.480337547697250566e-01
2.542851118160550650e-01
2.609152617195212853e-01
2.679491288180309017e-01
2.754129342220835719e-01
2.833341965439912791e-01
2.917417188058956112e-01
3.006655588595448236e-01
3.101369803263224201e-01
3.201883807259726655e-01
3.308531931124124581e-01
3.421657571828036759e-01
3.541611554821314511e-01
3.668750100035900186e-01
3.803432342024479773e-01
3.946017352193253447e-01
4.096860609741689307e-01
4.256309867760193488e-01
4.424700362325209024e-01
4.602349315790504325e-01
4.789549691273168874e-01
4.986563164086460498e-01
5.193612288120791343e-01
5.410871851470278049e-01
5.638459436474733133e-01
5.876425225265330399e-01
6.124741123223957917e-01
6.383289309675044265e-01
6.651850367560308008e-01
6.930091191406949624e-01
7.217552924775134660e-01
7.513639233242259685e-01
7.817605274945966798e-01
8.128547785219359945e-01
8.445396741698946164e-01
8.766909117616452640e-01
9.091665259400494303e-01
9.418068435437909613e-01
9.744348090991586941e-01
1.006856730520393706e+00
1.038863487589072765e+00
1.070232235371770368e+00
1.100728620837707172e+00
1.130109513684845357e+00
1.158126232175964443e+00
1.184528222326336255e+00
1.209067125073944426e+00
1.231501142378413460e+00
1.251599591025142511e+00
1.269147513862861620e+00
1.283950203873121643e+00
1.295837488301963880e+00
1.304667619214067820e+00
1.310330623949803375e+00
1.312750984213562289e+00
1.311889535420396102e+00
1.307744507383820087e+00
1.300351661794874936e+00
1.289783519148024027e+00
1.276147705487700845e+00
1.259584485206693749e+00
1.240263577912878556e+00
1.218380383236663977e+00
1.194151756024534272e+00
1.167811484898298557e+00
1.139605629525140662e+00
1.109787866601511519e+00
1.078614982467446914e+00
1.046342632773837655e+00
1.013221468284714710e+00
9.794937023441089297e-01
9.453901713424184283e-01
9.111279160748682049e-01
8.769082903350029490e-01
8.429155842729617598e-01
8.093161345081414382e-01
7.762578809657961765e-01
7.438703219018343304e-01
7.122648133819813321e-01
6.815351572356969090e-01
6.517584217638062727e-01
6.229959417495714025e-01
5.952944481101176688e-01
5.686872823606532457e-01
5.431956565289643990e-01
5.188299248955258181e-01
4.955908396561739537e-01
4.734707680877694447e-01
4.524548538834408662e-01
4.325221099091157706e-01
4.136464336601111125e-01
3.957975401462825449e-01
3.789418098162587456e-01
3.630430514761097127e-01
3.480631820099893692e-01
3.339628261225986439e-01
3.207018403522466365e-01
3.082397663055242987e-01
2.965362184946075397e-01
2.855512123664438739e-01
2.752454381451268084e-01
2.655804860046775406e-01
2.565190278838210824e-01
2.480249609762952279e-01
2.400635176039311869e-01
2.326013458247762067e-01
2.256065647604457713e-01
2.190487982577603299e-01
2.128991901386269037e-01
2.071304039456707824e-01
2.017166097638838917e-01
1.966334603934338232e-01
1.918580588674259069e-01
1.873689190514000735e-01
1.831459208285650120e-01
1.791702611654738542e-01
1.754244021659707164e-01
1.718920170553568938e-01
1.685579348903932795e-01
1.654080846622940637e-01
1.624294393477275777e-01
1.596099603653906018e-01
1.569385428114770664e-01
1.544049617748472492e-01
1.519998199706181219e-01
1.497144968779630103e-01
1.475410995230337363e-01
1.454724150100589197e-01
1.435018648719181278e-01
1.416234612850200136e-01
1.398317651713962551e-01
1.381218461929134556e-01
1.364892446278444249e-01
1.349299351082253184e-01
1.334402921870269376e-01
1.320170576968129617e-01
1.306573098559202784e-01
1.293584340739952765e-01
1.281180954057158095e-01
1.269342125995179260e-01
1.258049336869498380e-01
1.247286130577437285e-01
1.237037899657059403e-01
1.227291684109581005e-01
1.218035983448512022e-01
1.209260581448982075e-01
1.200956383083220114e-01
1.193115263141869137e-01
1.185729926055626160e-01
1.178793776447049635e-01
1.172300799958047174e-01
1.166245453914134672e-01
1.160622567402116445e-01
1.155427250352764890e-01
1.150654811234690655e-01
1.146300682979451840e-01
1.142360356771062041e-01
1.138829323345417199e-01
1.135703021456645340e-01
1.132976793177952191e-01
1.130645845714260689e-01
1.128705219412731164e-01
1.127149761665169614e-01
1.125974106403425934e-01
1.125172658895093325e-01
1.124739585552385346e-01
1.124668808471815662e-01
1.124954004426502452e-01
1.125588608036593719e-01
