2.419094011709174985e-01
2.399934583097078633e-01
2.381101730833822816e-01
2.362548416090035630e-01
2.344232159109974623e-01
2.326114821271416666e-01
2.308162393806577339e-01
2.290344792860884715e-01
2.272635660547532299e-01
2.255012171648322072e-01
2.237454845613258969e-01
2.219947363521194705e-01
2.202476389679586255e-01
2.185031397562320066e-01
2.167604499808712115e-01
2.150190282033661027e-01
2.132785640227404245e-01
2.115389621552473121e-01
2.098003268374931118e-01
2.080629465395958666e-01
2.063272789778077543e-01
2.045939364187430720e-01
2.028636712699231903e-01
2.011373619537737967e-01
1.994159990644726321e-01
1.977006718091521287e-01
1.959925547368989163e-01
1.942928947608091872e-01
1.926029984800046169e-01
1.909242198100692400e-01
1.892579479318003965e-01
1.876055955695085098e-01
1.859685876113796876e-01
1.843483500856104573e-01
1.827462995071987839e-01
1.811638326113796660e-01
1.796023164907819547e-01
1.780630791544326186e-01
1.765474005277488379e-01
1.750565039136324774e-01
1.735915479357098834e-01
1.721536189856137655e-01
1.707437241969891328e-01
1.693627849695856502e-01
1.680116310673374358e-01
1.666909953147447387e-01
1.654015089160806029e-01
1.641436974219571132e-01
1.629179773675577259e-01
1.617246536063333129e-01
1.605639173621840887e-01
1.594358450220131340e-01
1.583403976890949416e-01
1.572774215158715960e-01
1.562466488326101910e-01
1.552477000857623857e-01
1.542800865969226054e-01
1.533432141499365409e-01
1.524363874100138905e-01
1.515588151746557477e-01
1.507096164518370585e-01
1.498878273562576080e-01
1.490924088095914035e-01
1.483222550256143857e-01
1.475762027559158751e-01
1.468530412666640972e-01
1.461515230116922082e-01
1.454703749620524511e-01
1.448083105472540710e-01
1.441640421587275789e-01
1.435362941617414068e-01
1.429238163581120769e-01
1.423253978386944119e-01
1.417398811618723053e-01
1.411661767922078869e-01
1.406032777320847527e-01
1.400502742786640109e-01
1.395063688388473722e-01
1.389708907362141588e-01
1.384433109461047362e-01
1.379232566982184771e-01
1.374105258902119653e-01
1.369051012608935025e-01
1.364071642776134574e-01
1.359171086993560262e-01
1.354355537847655722e-01
1.349633571228252560e-01
1.345016270730544639e-01
1.340517348118320795e-01
1.336153259916197378e-01
1.331943320303966560e-01
1.327909810593481676e-01
1.324078085676265171e-01
1.320476677937330034e-01
1.317137399235170925e-01
1.314095441648689411e-01
1.311389477786811253e-01
1.309061761544243474e-01
1.307158230265628163e-01
1.305728609348247860e-01
1.304826520369007925e-01
1.304509593862638317e-01
1.304839587903202647e-01
1.305882513648170540e-01
1.307708768991553416e-01
1.310393281437733926e-01
1.314015661248615352e-01
1.318660365831109127e-01
1.324416876217036076e-01
1.331379886340842700e-01
1.339649505638462190e-01
1.349331475270121872e-01
1.360537398007072019e-01
1.373384981512584813e-01
1.387998294386712517e-01
1.404508033926869515e-01
1.423051804076792826e-01
1.443774401488443493e-01
1.466828106998326609e-01
1.492372979114754417e-01
1.520577145317650036e-01
1.551617086080619434e-01
1.585677905527795029e-01
1.622953581528585043e-01
1.663647186804049494e-01
1.707971071264092200e-01
1.756146994309662479e-01
1.808406194216839458e-01
1.864989379970542205e-01
1.926146629039290903e-01
1.992137172589101834e-01
2.063229047540579009e-01
2.139698592703706548e-01
2.221829764014799924e-01
2.309913241696921193e-01
2.404245300030976307e-01
2.505126408438675401e-01
2.612859530839581890e-01
2.727748088872977705e-01
2.850093553717380490e-01
2.980192631066944653e-01
3.118334004534826231e-01
3.264794604574933201e-01
3.419835373198650275e-01
3.583696499588274742e-01
3.756592108465779956e-01
3.938704392065188187e-01
4.130177188072528538e-01
4.331109020210570648e-01
4.541545635479634635e-01
4.761472092571147341e-01
4.990804479688196738e-01
5.229381366832587252e-01
5.476955127258464895e-01
5.733183294723954715e-01
5.997620156599252628e-01
6.269708816706800469e-01
6.548773994539784926e-01
6.834015857451729570e-01
7.124505207430608111e-01
7.419180361789872169e-01
7.716846074957843804e-01
8.016174843896402002e-01
8.315710920005779938e-01
8.613877313471086650e-01
8.908986020235266645e-01
9.199251626325727349e-01
9.482808349381743884e-01
9.757730464500000700e-01
1.002205593398135086e+00
1.027381292280594494e+00
1.051104873974991083e+00
1.073186060531750030e+00
1.093442752033441989e+00
1.111704240175281688e+00
1.127814357332266759e+00
1.141634465568834189e+00
1.153046189888565998e+00
1.161953804352443775e+00
1.168286188569564565e+00
1.171998285229267855e+00
1.173072006233369047e+00
1.171516554756592443e+00
1.167368152144199200e+00
1.160689180737938475e+00
1.151566775247758745e+00
1.140110914953704757e+00
1.126452085775026868e+00
1.110738594253683154e+00
1.093133624221677813e+00
1.073812131120302160e+00
1.052957668686080872e+00
1.030759238363557095e+00
1.007408243927279567e+00
9.830956231356128283e-01
9.580092156296631245e-01
9.323314125847931289e-01
9.062371196311320709e-01
8.798920510022948394e-01
8.534513603397642090e-01
8.270586025188391144e-01
8.008450115634875299e-01
7.749290723302166839e-01
7.494163581857187229e-01
7.243996032949873154e-01
6.999589762115985270e-01
6.761625210017925269e-01
6.530667328907171498e-01
6.307172371349907269e-01
6.091495422498964807e-01
5.883898416205177728e-01
5.684558406997880509e-01
5.493575902703451419e-01
5.310983094821322137e-01
5.136751854672358952e-01
4.970801392006813924e-01
4.813005498705688057e-01
4.663199323150044595e-01
4.521185640669027617e-01
4.386740602252062748e-01
4.259618957569467068e-01
4.139558759506916097e-01
4.026285566144923722e-01
3.919516162688850835e-01
3.818961830568432525e-01
3.724331194060153116e-01
3.635332676607186952e-01
3.551676599764065356e-01
3.473076957594857239e-01
3.399252898596418770e-01
3.329929945967223803e-01
3.264840985437404974e-01
3.203727048032779523e-01
3.146337913160345279e-01
3.092432555350301815e-01
3.041779455930521125e-01
2.994156798888405469e-01
2.949352568226648597e-01
2.907164562267032792e-01
2.867400338616314937e-01
2.829877101890165281e-01
2.794421544799222112e-01
2.760869651836692085e-01
2.729066473567096640e-01
2.698865878396394802e-01
2.670130287699119531e-01
2.642730399281227882e-01
2.616544903361218699e-01
2.591460194548532714e-01
2.567370082680288101e-01
2.544175504836966861e-01
2.521784240388340037e-01
2.500110630515019472e-01
2.479075303302933353e-01
2.458604905211445590e-01
2.438631839465053575e-01
