3.578899277935559398e-01
3.491479375003256891e-01
3.408305426633474466e-01
3.329253705526146190e-01
3.254196603213128647e-01
3.183003819416225788e-01
3.115543412227265163e-01
3.051682718411817818e-01
2.991289153368416054e-01
2.934230900309637846e-01
2.880377498107455359e-01
2.829600336996512810e-01
2.781773070984542295e-01
2.736771955403664025e-01
2.694476117571766860e-01
2.654767768036466746e-01
2.617532359360833505e-01
2.582658698891425741e-01
2.550039021435069886e-01
2.519569027268673267e-01
2.491147890421573641e-01
2.464678241706819706e-01
2.440066130539294276e-01
2.417220969166173627e-01
2.396055462550339132e-01
2.376485526789813008e-01
2.358430198626233765e-01
2.341811538291926342e-01
2.326554527667321903e-01
2.312586965467284261e-01
2.299839360944817279e-01
2.288244827392246494e-01
2.277738976532072135e-01
2.268259814720281486e-01
2.259747641733129142e-01
2.252144952772350273e-01
2.245396344202419403e-01
2.239448423425264290e-01
2.234249723201851001e-01
2.229750620644859460e-01
2.225903261031509650e-01
2.222661486519247054e-01
2.219980769788733599e-01
2.217818152587690272e-01
2.216132189104562389e-01
2.214882894062488172e-01
2.214031695390727417e-01
2.213541391302223937e-01
2.213376111581825956e-01
2.213501282869337339e-01
2.213883597704939532e-01
2.214490987090991236e-01
2.215292596313706841e-01
2.216258763760378114e-01
2.217361002462525099e-01
2.218571984092346516e-01
2.219865525139031459e-01
2.221216574992643245e-01
2.222601205666386859e-01
2.223996602892858443e-01
2.225381058336414752e-01
2.226733962671852418e-01
2.228035799289090069e-01
2.229268138394510657e-01
2.230413631291830179e-01
2.231456004638727730e-01
2.232380054490094579e-01
2.233171639954193988e-01
2.233817676304630240e-01
2.234306127408214326e-01
2.234625997346892379e-01
2.234767321130471940e-01
2.234721154416046129e-01
2.234479562169435773e-01
2.234035606223717663e-01
2.233383331709760666e-01
2.232517752353533336e-01
2.231434834654619781e-01
2.230131480979840597e-01
2.228605511624918711e-01
2.226855645915639670e-01
2.224881482437804925e-01
2.222683478502411325e-01
2.220262928968655958e-01
2.217621944562687686e-01
2.214763429844059939e-01
2.211691060984828372e-01
2.208409263538033684e-01
2.204923190382532816e-01
2.201238700040276663e-01
2.197362335569574832e-01
2.193301304244090755e-01
2.189063458231920167e-01
2.184657276492190103e-01
2.180091848108420827e-01
2.175376857278017440e-01
2.170522570176207366e-01
2.165539823910132833e-01
2.160440017775074883e-01
2.155235107019698171e-01
2.149937599321165294e-01
2.144560554163654209e-01
2.139117585305793656e-01
2.133622866513593397e-01
2.128091140725754393e-01
2.122537732808007782e-01
2.116978566042513332e-01
2.111430182487118723e-01
2.105909767328116577e-01
2.100435177338539905e-01
2.095024973542633506e-01
2.089698458175578977e-01
2.084475716016216673e-01
2.079377660159354990e-01
2.074426082283140904e-01
2.069643707456244597e-01
2.065054253518993355e-01
2.060682495062022834e-01
2.056554332015697595e-01
2.052696862852998738e-01
2.049138462397877003e-01
2.045908864219971868e-01
2.043039247584759188e-01
2.040562328915389301e-01
2.038512457708408498e-01
2.036925716829560140e-01
2.035840027097831351e-01
2.035295256044873380e-01
2.035333330712589262e-01
2.035998354323187709e-01
2.037336726622522853e-01
2.039397267658391577e-01
2.042231344709487528e-01
2.045893002026971663e-01
2.050439092987987877e-01
2.055929414187710469e-01
2.062426840912140458e-01
2.069997463336870069e-01
2.078710722685471746e-01
2.088639546453724127e-01
2.099860481660926759e-01
2.112453824925180634e-01
2.126503747974319847e-01
2.142098416996111032e-01
2.159330103998844674e-01
2.178295288095087601e-01
2.199094744335100826e-01
2.221833617401682837e-01
2.246621477133189104e-01
2.273572352466127211e-01
2.302804739982548810e-01
2.334441582810899141e-01
2.368610215163446664e-01
2.405442267300957060e-01
2.445073525199375764e-01
2.487643738658637527e-01
2.533296371047087936e-01
2.582178283324622625e-01
2.634439344444693409e-01
2.690231959712873211e-01
2.749710508194885827e-01
2.813030679839165771e-01
2.880348702632363755e-01
2.951820449868173268e-01
3.027600417512787967e-01
3.107840561730545459e-01
3.192688986932475381e-01
3.282288475273908990e-01
3.376774849404879930e-01
3.476275161522440760e-01
3.580905703442610610e-01
3.690769834558763618e-01
3.805955627239226979e-01
3.926533332492581074e-01
4.052552672641453468e-01
4.184039972331640711e-01
4.320995144485026973e-01
4.463388553785678781e-01
4.611157786945858650e-01
4.764204366279959357e-01
4.922390450928665340e-01
5.085535578289266390e-01
5.253413506638440200e-01
5.425749228344942665e-01
5.602216231169784288e-01
5.782434092593171648e-01
5.965966498489627678e-01
6.152319782349067179e-01
6.340942084131226952e-01
6.531223228245510715e-01
6.722495417575341525e-01
6.914034834454609868e-01
7.105064229659410202e-01
7.294756566506570561e-01
7.482239768897165355e-01
7.666602599629714909e-01
7.846901668765602356e-01
8.022169541725883146e-01
8.191423883853927723e-01
8.353677543364562696e-01
8.507949439127948654e-01
8.653276085017664876e-01
8.788723550146134711e-01
8.913399625849353081e-01
9.026465947381556720e-01
9.127149802436975712e-01
9.214755351104879644e-01
9.288673983638424669e-01
9.348393554018867846e-01
9.393506248790269852e-01
9.423714881577984759e-01
9.438837443123960780e-01
9.438809783128775388e-01
9.423686351830016239e-01
9.393638983907190987e-01
9.348953762642211451e-01
9.290026055900344470e-01
9.217353865154181980e-01
9.131529672418250421e-01
9.033231005919304391e-01
8.923209972366844545e-01
8.802282021080711782e-01
8.671314212763610030e-01
8.531213263660897272e-01
8.382913624957571974e-01
8.227365838623010852e-01
8.065525385902467814e-01
7.898342214818163676e-01
7.726751099998945271e-01
7.551662953497317865e-01
7.373957170459202182e-01
7.194475059896014990e-01
7.014014379462822912e-01
6.833324964920264311e-01
6.653105420448868212e-01
6.474000815549038057e-01
6.296601318031225247e-01
6.121441680520995909e-01
5.949001489757506089e-01
5.779706083416145113e-01
5.613928037818949335e-01
5.451989131242249709e-01
5.294162691103203588e-01
5.140676238624153349e-01
4.991714351179414866e-01
4.847421670005941374e-01
4.707905988937885478e-01
4.573241367989940853e-01
4.443471223704254514e-01
4.318611355983386635e-01
4.198652878499858909e-01
4.083565026589176528e-01
3.973297822725441741e-01
3.867784585207988957e-01
3.766944270542678108e-01
3.670683644193400430e-01
