3.578899277935558843e-01
3.491479375003255226e-01
3.408305426633472801e-01
3.329253705526145080e-01
3.254196603213128092e-01
3.183003819416224678e-01
3.115543412227265163e-01
3.051682718411820039e-01
2.991289153368416054e-01
2.934230900309639511e-01
2.880377498107453693e-01
2.829600336996514476e-01
2.781773070984544516e-01
2.736771955403668466e-01
2.694476117571770191e-01
2.654767768036465636e-01
2.617532359360837946e-01
2.582658698891430182e-01
2.550039021435073772e-01
2.519569027268677708e-01
2.491147890421580025e-01
2.464678241706827200e-01
2.440066130539301492e-01
2.417220969166181122e-01
2.396055462550345794e-01
2.376485526789820779e-01
2.358430198626242369e-01
2.341811538291931893e-01
2.326554527667330508e-01
2.312586965467294808e-01
2.299839360944826439e-01
2.288244827392252878e-01
2.277738976532084347e-01
2.268259814720292589e-01
2.259747641733140799e-01
2.252144952772361375e-01
2.245396344202431615e-01
2.239448423425277057e-01
2.234249723201861548e-01
2.229750620644870840e-01
2.225903261031520752e-01
2.222661486519256768e-01
2.219980769788743036e-01
2.217818152587698877e-01
2.216132189104574879e-01
2.214882894062498164e-01
2.214031695390734911e-01
2.213541391302228933e-01
2.213376111581833450e-01
2.213501282869343445e-01
2.213883597704946471e-01
2.214490987090996788e-01
2.215292596313711559e-01
2.216258763760382000e-01
2.217361002462528985e-01
2.218571984092349569e-01
2.219865525139033124e-01
2.221216574992646020e-01
2.222601205666390189e-01
2.223996602892855390e-01
2.225381058336415308e-01
2.226733962671851863e-01
2.228035799289087571e-01
2.229268138394506216e-01
2.230413631291827126e-01
2.231456004638724955e-01
2.232380054490092358e-01
2.233171639954190657e-01
2.233817676304625799e-01
2.234306127408209330e-01
2.234625997346884052e-01
2.234767321130465279e-01
2.234721154416038358e-01
2.234479562169429112e-01
2.234035606223708226e-01
2.233383331709753450e-01
2.232517752353527785e-01
2.231434834654613120e-01
2.230131480979832270e-01
2.228605511624905944e-01
2.226855645915631898e-01
2.224881482437797153e-01
2.222683478502402166e-01
2.220262928968647353e-01
2.217621944562681302e-01
2.214763429844051612e-01
2.211691060984820878e-01
2.208409263538025358e-01
2.204923190382525044e-01
2.201238700040273055e-01
2.197362335569569558e-01
2.193301304244084093e-01
2.189063458231915171e-01
2.184657276492186218e-01
2.180091848108414720e-01
2.175376857278011333e-01
2.170522570176204313e-01
2.165539823910130057e-01
2.160440017775071553e-01
2.155235107019695118e-01
2.149937599321163628e-01
2.144560554163652266e-01
2.139117585305791436e-01
2.133622866513594785e-01
2.128091140725754393e-01
2.122537732808009725e-01
2.116978566042513332e-01
2.111430182487120666e-01
2.105909767328119631e-01
2.100435177338543236e-01
2.095024973542636559e-01
2.089698458175580642e-01
2.084475716016220281e-01
2.079377660159358876e-01
2.074426082283143402e-01
2.069643707456248205e-01
2.065054253518995853e-01
2.060682495062028108e-01
2.056554332015703701e-01
2.052696862853004012e-01
2.049138462397881444e-01
2.045908864219976864e-01
2.043039247584760854e-01
2.040562328915393464e-01
2.038512457708413772e-01
2.036925716829563471e-01
2.035840027097833849e-01
2.035295256044875045e-01
2.035333330712594258e-01
2.035998354323191317e-01
2.037336726622524519e-01
2.039397267658393798e-01
2.042231344709489194e-01
2.045893002026971941e-01
2.050439092987988987e-01
2.055929414187714077e-01
2.062426840912139625e-01
2.069997463336870624e-01
2.078710722685467305e-01
2.088639546453723850e-01
2.099860481660924261e-01
2.112453824925176193e-01
2.126503747974315128e-01
2.142098416996104093e-01
2.159330103998838291e-01
2.178295288095078996e-01
2.199094744335091112e-01
2.221833617401673122e-01
2.246621477133176614e-01
2.273572352466114721e-01
2.302804739982536320e-01
2.334441582810887206e-01
2.368610215163430288e-01
2.405442267300939019e-01
2.445073525199355502e-01
2.487643738658617543e-01
2.533296371047063511e-01
2.582178283324599311e-01
2.634439344444666764e-01
2.690231959712847676e-01
2.749710508194859737e-01
2.813030679839139125e-01
2.880348702632333779e-01
2.951820449868143292e-01
3.027600417512756881e-01
3.107840561730511597e-01
3.192688986932443185e-01
3.282288475273879014e-01
3.376774849404843293e-01
3.476275161522401902e-01
3.580905703442572863e-01
3.690769834558724760e-01
3.805955627239187566e-01
3.926533332492539996e-01
4.052552672641414055e-01
4.184039972331600188e-01
4.320995144484985895e-01
4.463388553785636592e-01
4.611157786945817572e-01
4.764204366279920499e-01
4.922390450928624261e-01
5.085535578289226422e-01
5.253413506638401342e-01
5.425749228344907138e-01
5.602216231169746541e-01
5.782434092593133901e-01
5.965966498489591041e-01
6.152319782349037203e-01
6.340942084131193646e-01
6.531223228245479628e-01
6.722495417575313770e-01
6.914034834454587664e-01
7.105064229659387998e-01
7.294756566506550577e-01
7.482239768897149812e-01
7.666602599629706027e-01
7.846901668765591253e-01
8.022169541725876485e-01
8.191423883853927723e-01
8.353677543364569358e-01
8.507949439127951985e-01
8.653276085017671537e-01
8.788723550146146923e-01
8.913399625849369734e-01
9.026465947381575594e-01
9.127149802436997916e-01
9.214755351104905179e-01
9.288673983638453535e-01
9.348393554018901153e-01
9.393506248790304269e-01
9.423714881578022506e-01
9.438837443124002968e-01
9.438809783128816466e-01
9.423686351830058427e-01
9.393638983907236506e-01
9.348953762642255860e-01
9.290026055900388879e-01
9.217353865154225279e-01
9.131529672418299270e-01
9.033231005919348799e-01
8.923209972366890064e-01
8.802282021080756191e-01
8.671314212763654439e-01
8.531213263660937240e-01
8.382913624957613052e-01
8.227365838623048599e-01
8.065525385902507782e-01
7.898342214818201423e-01
7.726751099998979688e-01
7.551662953497348951e-01
7.373957170459235488e-01
7.194475059896046076e-01
7.014014379462848447e-01
6.833324964920288735e-01
6.653105420448891527e-01
6.474000815549056931e-01
6.296601318031243011e-01
6.121441680521013673e-01
5.949001489757521632e-01
5.779706083416156215e-01
5.613928037818961547e-01
5.451989131242259701e-01
5.294162691103212470e-01
5.140676238624160010e-01
4.991714351179421527e-01
4.847421670005948036e-01
4.707905988937890474e-01
4.573241367989943629e-01
4.443471223704255069e-01
4.318611355983387190e-01
4.198652878499860019e-01
4.083565026589173752e-01
3.973297822725441186e-01
3.867784585207987291e-01
3.766944270542678108e-01
3.670683644193396544e-01
