2.686969220002253383e-02
2.693218483778789946e-02
2.702405362161005437e-02
2.713965383361345921e-02
2.727357812841355034e-02
2.742090916072558240e-02
2.757741221911304622e-02
2.773965978979003183e-02
2.790508544177519590e-02
2.807196970663525942e-02
2.823936539711889571e-02
2.840697378962597774e-02
2.857498605148209303e-02
2.874390604141420502e-02
2.891437102961419425e-02
2.908698593380243391e-02
2.926218441388439562e-02
2.944012679125812548e-02
2.962064055860169631e-02
2.980320462198643439e-02
2.998697383382975534e-02
3.017083630968347974e-02
3.035349290426259117e-02
3.053354637834682084e-02
3.070958739522067216e-02
3.088026554823997127e-02
3.104433597514100196e-02
3.120067545275129195e-02
3.134826578492377891e-02
3.148614635562219100e-02
3.161334149567074370e-02
3.172877144988217601e-02
3.183115797265978486e-02
3.191893677587009925e-02
3.199018915762796844e-02
3.204260419504412205e-02
3.207348099010376430e-02
3.207977775745973759e-02
3.205821120171448158e-02
3.200540583295619079e-02
3.191808881482510740e-02
3.179332185559657908e-02
3.162875779476170823e-02
3.142290618748411202e-02
3.117538964421556758e-02
3.088717123196904613e-02
3.056073313669244174e-02
3.020018819591446801e-02
2.981130889923032379e-02
2.940146294558658446e-02
2.897945021503985086e-02
2.855524268795281428e-02
2.813963593403454727e-02
2.774382772270721220e-02
2.737894547051985747e-02
2.705554906484861771e-02
2.678313859793027968e-02
2.656969736454884573e-02
2.642129895715503163e-02
2.634180348045879819e-02
2.633266206737920265e-02
2.639284147624968574e-02
2.651887221846128961e-02
2.670501514849810826e-02
2.694353352178443378e-02
2.722505091704793129e-02
2.753897072010635938e-02
2.787393045393410373e-02
2.821826422827760153e-02
2.856044879639334233e-02
2.888951270381932140e-02
2.919539314364766672e-02
2.946923063213891317e-02
2.970359673284489813e-02
2.989265416304855844e-02
3.003225132699294947e-02
3.011995455536532057e-02
3.015502132902766336e-02
3.013831704016961544e-02
3.007217708037702997e-02
2.996021595524915593e-02
2.980708629078017424e-02
2.961819332309467701e-02
2.939937467797401616e-02
2.915656046617648434e-02
2.889543409600145440e-02
2.862111864704669495e-02
2.833791601644142233e-02
2.804912536418485702e-02
2.775696304855734819e-02
2.746259820084523406e-02
2.716630691457694313e-02
2.686773490133809172e-02
2.656624505563121019e-02
2.626131458998037793e-02
2.595293812200527572e-02
2.564198983608412252e-02
2.533050048664586829e-02
2.502181360957672629e-02
2.472059901164003204e-02
2.443271873674840444e-02
2.416495897500198220e-02
2.392465822225053884e-02
2.371927497196335555e-02
2.355594540223121536e-02
2.344108183012785784e-02
2.338005611441937304e-02
2.337699975471474456e-02
2.343473616813429583e-02
2.355484317959670448e-02
2.373782802731406322e-02
2.398338581461507968e-02
2.429070730988552168e-02
2.465880426821996652e-02
2.508682978555444934e-02
2.557438618728630209e-02
2.612183123446441477e-02
2.673061207922804508e-02
2.740367244200705293e-02
2.814598942013209551e-02
2.896530062308150938e-02
2.987307968548768428e-02
3.088580974110850114e-02
3.202659251830236586e-02
3.332711862834190214e-02
3.483001605038459070e-02
3.659159224294305374e-02
3.868499336470422600e-02
4.120382302399940716e-02
4.426629228603808780e-02
4.802000985926539040e-02
5.264756191862710044e-02
5.837306831593043477e-02
6.546992726005483598e-02
7.426996274997750558e-02
8.517415371026487714e-02
9.866503190372077903e-02
1.153206616053845390e-01
1.358298227614134768e-01
1.610075640246419471e-01
1.918096122937085479e-01
2.293431493906891716e-01
2.748701209400965517e-01
3.297974771932214444e-01
3.956465833748504801e-01
4.739916615935024224e-01
5.663550164991806302e-01
6.740459040739428254e-01
7.979318226215698084e-01
9.381380162293817548e-01
1.093685709011047225e+00
1.262103943112239168e+00
1.439083001786802818e+00
1.618272752084075616e+00
1.791352431575327309e+00
1.948488334972394931e+00
2.079232766707412861e+00
2.173798234319387568e+00
2.224493548532394449e+00
2.226994053856250488e+00
2.181104532970989052e+00
2.090791737001617356e+00
1.963477528796907734e+00
1.808801289423183745e+00
1.637187546068970434e+00
1.458550758663615277e+00
1.281361090800776203e+00
1.112149007001985490e+00
9.554043013675095342e-01
8.137573033104367193e-01
6.883155755773534556e-01
5.790500728148447740e-01
4.851595317354440717e-01
4.053756754869081158e-01
3.381972047252739810e-01
2.820560631884399538e-01
2.354268848376095402e-01
1.968926048832629894e-01
1.651783864163734461e-01
1.391639573526403106e-01
1.178821337643192468e-01
1.005091911086337803e-01
8.635100841774971669e-02
7.482757671224909979e-02
6.545748894264769024e-02
5.784334808295562430e-02
5.165857398081685758e-02
4.663579738563596033e-02
4.255685168469246216e-02
3.924427132976612137e-02
3.655415325433955531e-02
3.437021500304156263e-02
3.259887878789883425e-02
3.116521697297428700e-02
3.000960731608259824e-02
2.908496310288020970e-02
2.835442235525628338e-02
2.778940020256036314e-02
2.736792808495927543e-02
2.707322172298077742e-02
2.689243599821189781e-02
2.681557860083481556e-02
2.683456534373387242e-02
2.694240847222240803e-02
2.713253529221413413e-02
2.739823821327811576e-02
2.773225904246762186e-02
2.812651020371335908e-02
2.857193359902253371e-02
2.905849420144139550e-02
2.957530040424544149e-02
3.011083703617381535e-02
3.065329037050573691e-02
3.119093816196163993e-02
3.171257259863374811e-02
3.220792090438795441e-02
3.266802787015260501e-02
3.308556724867062204e-02
3.345505475451987509e-02
3.377294398460223279e-02
3.403759713389342689e-02
3.424913384835570618e-02
3.440917270293541996e-02
3.452048941441410168e-02
3.458662298850490036e-02
3.461146487906441305e-02
3.459886663126515716e-02
3.455229853117158800e-02
3.447458599261071788e-02
3.436774253787083788e-02
3.423290916321852784e-02
3.407040052243437422e-02
3.387984951653760790e-02
3.366043419090022915e-02
3.341116477269454044e-02
3.313120451628276397e-02
3.282019589895715517e-02
3.247856364960506614e-02
3.210776803859082679e-02
3.171048567456132006e-02
3.129070052946233277e-02
3.085369473729722423e-02
3.040593646423664018e-02
2.995487029271495794e-02
2.950862347126773436e-02
2.907564837869240984e-02
2.866432698129835893e-02
2.828256637551923927e-02
2.793741533926095283e-02
2.763473004416367590e-02
2.737891286296233878e-02
2.717274196215299989e-02
2.701730173672861612e-02
2.691201589192971505e-02
2.685477691339285128e-02
2.684215853427927845e-02
