1.734023766920896048e-02
1.749834271604414765e-02
1.763660339682499023e-02
1.775601371678465351e-02
1.785788547181024408e-02
1.794360105812885242e-02
1.801436795036929009e-02
1.807099577403316337e-02
1.811371613033639291e-02
1.814206290670869123e-02
1.815482664883558139e-02
1.815009078981853763e-02
1.812535047401264005e-02
1.807770696606125771e-02
1.800412298841987113e-02
1.790171767779375617e-02
1.776807506105121393e-02
1.760153772162846228e-02
1.740145805433370926e-02
1.716838319869519458e-02
1.690415599873235780e-02
1.661192240249615565e-02
1.629604458824306795e-02
1.596192770374452868e-02
1.561577543916550098e-02
1.526429497132271787e-02
1.491437470847127578e-02
1.457275869349520386e-02
1.424573978638069699e-02
1.393889037636817513e-02
1.365684500691803638e-02
1.340314454100134667e-02
1.318014682633114609e-02
1.298900452931468774e-02
1.282970699953833726e-02
1.270117968256756491e-02
1.260143165568719525e-02
1.252773930507339317e-02
1.247685209307020093e-02
1.244520501087814646e-02
1.242912199871870627e-02
1.242499567256089010e-02
1.242943134561180774e-02
1.243934757433051708e-02
1.245203099400715718e-02
1.246514942426790729e-02
1.247673325142351075e-02
1.248513994043098929e-02
1.248901926085244085e-02
1.248729674938442447e-02
1.247918981920326242e-02
1.246426502792941093e-02
1.244253712176124349e-02
1.241460179932968311e-02
1.238178613575946496e-02
1.234629471159784386e-02
1.231132686454788905e-02
1.228114179213735113e-02
1.226105351992930192e-02
1.225734640299845635e-02
1.227711268947166701e-02
1.232802523761872271e-02
1.241806915342510281e-02
1.255526450827499502e-02
1.274741743876123962e-02
1.300193843158804763e-02
1.332576467988545732e-02
1.372541882863318255e-02
1.420723035207160749e-02
1.477773953995937042e-02
1.544429888492723779e-02
1.621588362122242111e-02
1.710412302007962432e-02
1.812456723289539162e-02
1.929821116312812126e-02
2.065330705707969089e-02
2.222751120884156051e-02
2.407042741632108712e-02
2.624663077824238369e-02
2.883928041762487404e-02
3.195445919399870355e-02
3.572641279653882007e-02
4.032389970143256813e-02
4.595790600885603372e-02
5.289102132229246689e-02
6.144880540748429848e-02
7.203348547473534258e-02
8.514028637593640259e-02
1.013765747037516513e-01
1.214837420721217032e-01
1.463612945592441816e-01
1.770918654905598855e-01
2.149647156714080132e-01
2.614935961067242354e-01
3.184224800513493214e-01
3.877095007249222181e-01
4.714754352966543660e-01
5.718985274104824157e-01
6.910332995683724500e-01
8.305295105773145004e-01
9.912326149336871950e-01
1.172664713065458164e+00
1.372420784277138983e+00
1.585570862800930625e+00
1.804226994268681050e+00
2.017491068795083553e+00
2.212006219324444078e+00
2.373245588898933001e+00
2.487467661016910192e+00
2.543989849199360442e+00
2.537201541657337689e+00
2.467702526446857281e+00
2.342185682097004840e+00
2.172102220154320307e+00
1.971548845430931562e+00
1.755006211145703432e+00
1.535480882715428930e+00
1.323351263562922320e+00
1.125943077232435474e+00
9.476728931929812028e-01
7.905296484804588131e-01
6.546853891060460118e-01
5.390897590609267098e-01
4.419699811559800740e-01
3.612096993075121221e-01
2.946116062502327493e-01
2.400636933808613371e-01
1.956329537281424891e-01
1.596085163631589809e-01
1.305119749746859459e-01
1.070880867063521702e-01
8.828499318618523994e-02
7.322995835412259014e-02
6.120431382158576794e-02
5.161971065882632603e-02
4.399672739714045183e-02
3.794622510714951158e-02
3.315345035039039823e-02
2.936467569258948557e-02
2.637607154886154048e-02
2.402447841475250506e-02
2.217976518995707497e-02
2.073849732871976825e-02
1.961868474013638702e-02
1.875542523469139744e-02
1.809729978643486240e-02
1.760340837134780415e-02
1.724095893277489966e-02
1.698333774439937660e-02
1.680859861257359006e-02
1.669831297488293120e-02
1.663672509070027866e-02
1.661015803146967396e-02
1.660661845112098092e-02
1.661555194968103444e-02
1.662770643014788857e-02
1.663506786090648143e-02
1.663084059761548578e-02
1.660945202449083669e-02
1.656656791266931938e-02
1.649910993320138908e-02
1.640526989138484104e-02
1.628451651344009488e-02
1.613759039065704171e-02
1.596648158349436852e-02
1.577438313255835611e-02
1.556561300893138933e-02
1.534549740158402953e-02
1.512020997768348529e-02
1.489656486905993615e-02
1.468176536531740073e-02
1.448311514168221237e-02
1.430770369653588947e-02
1.416208186961409599e-02
1.405194627757100356e-02
1.398185281111097300e-02
1.395497876369256041e-02
1.397295070714166254e-02
1.403575110938570791e-02
1.414171129682528782e-02
1.428759221573450144e-02
1.446874812308368563e-02
1.467936241655021234e-02
1.491273981787707981e-02
1.516163547023147151e-02
1.541859947654256047e-02
1.567631511083593387e-02
1.592791033346512009e-02
1.616722513642933345e-02
1.638902131198219370e-02
1.658912606252466865e-02
1.676450599554495796e-02
1.691327302438887931e-02
1.703462812817006788e-02
1.712875250807247701e-02
1.719665822334946401e-02
1.724001182959865319e-02
1.726094491419285712e-02
1.726186485189808162e-02
1.724527776009405350e-02
1.721363370571674101e-02
1.716920188202902819e-02
1.711398088344522408e-02
1.704964648480892381e-02
1.697753658549400191e-02
1.689867031768310657e-02
1.681379586944107760e-02
1.672345949079237504e-02
1.662808661100625279e-02
1.652806517603119807e-02
1.642382136534487752e-02
1.631587884935982793e-02
1.620489468368181349e-02
1.609166766645701158e-02
1.597711825147023895e-02
1.586224255862583171e-02
1.574804625036647920e-02
1.563546665087567344e-02
1.552529314696322882e-02
1.541809641795205410e-02
1.531417634046872145e-02
1.521353660263430330e-02
1.511589137461685772e-02
1.502070614369538371e-02
1.492727139325156216e-02
1.483480453059632387e-02
1.474257263300582377e-02
1.465002638709633764e-02
1.455693416143916119e-02
1.446350452474631787e-02
1.437048570624477328e-02
1.427923147483189936e-02
1.419172466668972010e-02
1.411055208672218342e-02
1.403882769175757161e-02
1.398006472453716675e-02
1.393800161835123674e-02
1.391639074695216749e-02
1.391876307484585240e-02
1.394818502922978709e-02
1.400702602057046775e-02
1.409675560371659309e-02
1.421778805517504018e-02
1.436938910488905208e-02
1.454965489482462626e-02
1.475556735956973231e-02
1.498312373190335833e-02
1.522753146261662804e-02
1.548345420045060816e-02
1.574529019460174650e-02
1.600746196550334455e-02
1.626469551609166508e-02
1.651226866675578608e-02
1.674621103358220342e-02
1.696344233676902458e-02
1.716184067233911259e-02
