2.833614355491659298e-02
2.825931348035015667e-02
2.818355991705323582e-02
2.810864033779214566e-02
2.803451341970730759e-02
2.796136173463004138e-02
2.788961052260660600e-02
2.781994347835251014e-02
2.775331766619665297e-02
2.769098099053499129e-02
2.763449697585122766e-02
2.758578284403398473e-02
2.754716792515198021e-02
2.752148024016519423e-02
2.751216963126779796e-02
2.752347611746203820e-02
2.756065230088647344e-02
2.763024877558043976e-02
2.774047177438472220e-02
2.790162295345323396e-02
2.812663251499095129e-02
2.843169909268628004e-02
2.883705327282675562e-02
2.936786660003960769e-02
3.005533470071158897e-02
3.093797197789618925e-02
3.206316632975431125e-02
3.348905553650764061e-02
3.528680221183826127e-02
3.754336120978342406e-02
4.036485159968675185e-02
4.388066398572962323e-02
4.824845184542955745e-02
5.366017071890970269e-02
6.034933813632326061e-02
6.859968439989214128e-02
7.875534030984418510e-02
9.123264787611062854e-02
1.065335621335063987e-01
1.252604057341527022e-01
1.481314021990198238e-01
1.759958968816495162e-01
2.098474153180634183e-01
2.508316401575611532e-01
3.002449509127471106e-01
3.595173391924723072e-01
4.301713443724780594e-01
5.137463890181748205e-01
6.116761057450713635e-01
7.251060656322769749e-01
8.546426090280438981e-01
1.000032789475716832e+00
1.159793360962107389e+00
1.330834370853591908e+00
1.508157458682811924e+00
1.684741086173131785e+00
1.851737814964840245e+00
1.999081479094853009e+00
2.116519781494314412e+00
2.194956958049393947e+00
2.227850965437746744e+00
2.212325326765268052e+00
2.149686178931455416e+00
2.045190399125621283e+00
1.907133563017834543e+00
1.745519348535933712e+00
1.570655120781406788e+00
1.391974267285184474e+00
1.217258403673108669e+00
1.052290260750893935e+00
9.008635782813984028e-01
7.650286978184686060e-01
6.454528929758557299e-01
5.418019613739126772e-01
4.530847736189377861e-01
3.779332131434535169e-01
3.148114884190945650e-01
2.621612023605915387e-01
2.184940075576222440e-01
1.824447124268489262e-01
1.527964174214092585e-01
1.284870559671262014e-01
1.086044001105450213e-01
9.237455442583679399e-02
7.914733690400765909e-02
6.838073115281254055e-02
5.962573053149357316e-02
5.251230590032832796e-02
4.673684291507354538e-02
4.205115299502326653e-02
3.825301875420641234e-02
3.517815661350365275e-02
3.269344317318716164e-02
3.069124179218964132e-02
2.908467107263457141e-02
2.780367063767835711e-02
2.679173723724590644e-02
2.600322296426055280e-02
2.540110541795029264e-02
2.495515591426098606e-02
2.464044569817716579e-02
2.443614128920734707e-02
2.432454859049844667e-02
2.429037143273397870e-02
2.432015419541134690e-02
2.440188055922287713e-02
2.452470186403594293e-02
2.467876954472530970e-02
2.485514719323285437e-02
2.504577933019770664e-02
2.524349618378099458e-02
2.544203671041024573e-02
2.563607562650094263e-02
2.582124408934710624e-02
2.599413752172943792e-02
2.615230754927083678e-02
2.629423778680883839e-02
2.641930504551448511e-02
2.652772835165007059e-02
2.662050804201943066e-02
2.669935634648251677e-02
2.676661961042481330e-02
2.682519103167546604e-02
2.687841186126793680e-02
2.692995874895498520e-02
2.698371548299927092e-02
2.704362880433452965e-02
2.711355012944793863e-02
2.719706761124757177e-02
2.729733561709890566e-02
2.741691097883669492e-02
2.755760686463526454e-02
2.772037551825135004e-02
2.790523022773305772e-02
2.811121471451741294e-02
2.833642484400009098e-02
2.857808347784734915e-02
2.883266486090249603e-02
2.909606066375948485e-02
2.936377617930688300e-02
2.963114261694772822e-02
2.989353024213890764e-02
3.014654739664223565e-02
3.038621215321869046e-02
3.060908628661998532e-02
3.081236502519131906e-02
3.099392024373983159e-02
3.115229890189626094e-02
3.128668218946081825e-02
3.139681366236257709e-02
3.148290641285528962e-02
3.154553992857510314e-02
3.158555680891123041e-02
3.160396809451879174e-02
3.160187388300411682e-02
3.158040345141673727e-02
3.154067658676058816e-02
3.148378550662887798e-02
3.141079483783512649e-02
3.132275573842632777e-02
3.122072944484502455e-02
3.110581527802232238e-02
3.097917837375563366e-02
3.084207300632115650e-02
3.069585823237998973e-02
3.054200358466930415e-02
3.038208360051145376e-02
3.021776101076011772e-02
3.005075939379773034e-02
2.988282698468409937e-02
2.971569409602787398e-02
2.955102722763169876e-02
2.939038338329373612e-02
2.923516833561744244e-02
2.908660254142089729e-02
2.894569807558124153e-02
2.881324930069162349e-02
2.868983903134775248e-02
2.857586072734488725e-02
2.847155583928789868e-02
2.837706394772887553e-02
2.829248192354405500e-02
2.821792714532733726e-02
2.815359898562963537e-02
2.809983244368036148e-02
2.805713803738019152e-02
2.802622289597556104e-02
2.800798937844994896e-02
2.800350938026785474e-02
2.801397462693233642e-02
2.804062549068775390e-02
2.808466298999201527e-02
2.814715042531801270e-02
2.822891237977420698e-02
2.833043942502411205e-02
2.845180673999669896e-02
2.859261396179046955e-02
2.875195200915925398e-02
2.892840048244005313e-02
2.912005674011708400e-02
2.932459511048546297e-02
2.953935216258596341e-02
2.976143177141121754e-02
2.998782207445119252e-02
3.021551548393117126e-02
3.044162277764332625e-02
3.066347295073193480e-02
3.087869190320810531e-02
3.108525502521751471e-02
3.128151112997709649e-02
3.146617774302142012e-02
3.163831024394601898e-02
3.179724954372908918e-02
3.194255467251358449e-02
3.207392770846538566e-02
3.219113882247439523e-02
3.229395884081351364e-02
3.238210570072841410e-02
3.245520961276746746e-02
3.251279981235888350e-02
3.255431367109846985e-02
3.257912684112705681e-02
3.258660120777523428e-02
3.257614588277790713e-02
3.254728540004583892e-02
3.249972874882844920e-02
3.243343291624886660e-02
3.234865518556697545e-02
3.224598947785714542e-02
3.212638342728835888e-02
3.199113451249797208e-02
3.184186528298520169e-02
3.168047937196317998e-02
3.150910143736346258e-02
3.133000530334970057e-02
3.114553529939616261e-02
3.095802606488123887e-02
3.076972589946144754e-02
3.058272813209353402e-02
3.039891403333083719e-02
3.021990961725240510e-02
3.004705740202345821e-02
2.988140295811164693e-02
2.972369499691074335e-02
2.957439694123464857e-02
2.943370743712470095e-02
2.930158713352815081e-02
2.917778924673952723e-02
2.906189187307695043e-02
2.895333061886329329e-02
2.885143076874285839e-02
2.875543880102249261e-02
2.866455349003516062e-02
2.857795705116550344e-02
2.849484676613811551e-02
2.841446730028973633e-02
