5.153677898728251106e-02
5.088402425174903126e-02
5.030281995868566419e-02
4.978093099677895206e-02
4.930703477095593756e-02
4.887054008739763478e-02
4.846157266591463730e-02
4.807109406520698736e-02
4.769110997635633842e-02
4.731491733459675109e-02
4.693733861020576992e-02
4.655489631345344215e-02
4.616589072784388348e-02
4.577035796017592251e-02
4.536990176737265568e-02
4.496740915892022405e-02
4.456667432749544799e-02
4.417196616914803586e-02
4.378758022412598816e-02
4.341741575983498747e-02
4.306461321597543357e-02
4.273127740287002707e-02
4.241829935982560640e-02
4.212527666154203265e-02
4.185052026327418240e-02
4.159112747321019876e-02
4.134309654997198047e-02
4.110145921410612857e-02
4.086041268405604665e-02
4.061344158213758826e-02
4.035343049675890748e-02
4.007277810772277848e-02
3.976353156579026660e-02
3.941756359163756107e-02
3.902681347653957911e-02
3.858360660100756956e-02
3.808105589887239573e-02
3.751353435942991754e-02
3.687719226947083762e-02
3.617047884960228332e-02
3.539461758195697194e-02
3.455397978841430462e-02
3.365630310161563110e-02
3.271271064306459364e-02
3.173750224842299822e-02
3.074770930396772406e-02
2.976242732454964512e-02
2.880196258370594509e-02
2.788684818085097189e-02
2.703679856509554752e-02
2.626967810073848469e-02
2.560055804157952697e-02
2.504092755904566148e-02
2.459810945298887899e-02
2.427491181825311428e-02
2.406952566178438210e-02
2.397565781170488131e-02
2.398287077185259561e-02
2.407708828937785844e-02
2.424121843235145859e-02
2.445584519227441550e-02
2.469994446655543463e-02
2.495158944368218445e-02
2.518862209442647437e-02
2.538927960484059498e-02
2.553277516588180196e-02
2.559983989922864911e-02
2.557323576756917460e-02
2.543824773727965116e-02
2.518315765039566556e-02
2.479969334221945876e-02
2.428343616468203736e-02
2.363416018350300574e-02
2.285606884767665825e-02
2.195789153262173166e-02
2.095280414864331142e-02
1.985814539479069385e-02
1.869491285998536867e-02
1.748703992466904555e-02
1.626047359129789704e-02
1.504209287794777694e-02
1.385852502803253117e-02
1.273493044927742623e-02
1.169383531705858736e-02
1.075409206408028950e-02
9.930042130994687355e-03
9.230942703431388452e-03
8.660700727720516134e-03
8.217934869570120426e-03
7.896361252758166138e-03
7.685473993486291455e-03
7.571468934609137946e-03
7.538340581253466510e-03
7.569069654901783295e-03
7.646812990388829334e-03
7.756009138652597557e-03
7.883321773363344276e-03
8.018357949571786047e-03
8.154117987114017918e-03
8.287156399403125540e-03
8.417456786381782852e-03
8.548045874968143720e-03
8.684391034588317959e-03
8.833640110539255075e-03
9.003771305154339988e-03
9.202723678132372631e-03
9.437575799275427224e-03
9.713831861134857026e-03
1.003486225329158071e-02
1.040153059431538768e-02
1.081202300692779561e-02
1.126187946311853205e-02
1.174421260357825375e-02
1.225008756035602525e-02
1.276902765485801033e-02
1.328960571355561338e-02
1.380007909903467611e-02
1.428902804747345448e-02
1.474596095468580503e-02
1.516185613366363358e-02
1.552961649526554688e-02
1.584442083334872825e-02
1.610396229047376254e-02
1.630857067123781673e-02
1.646122028544558247e-02
1.656742887040041357e-02
1.663505596491741956e-02
1.667401112244080996e-02
1.669588386359777132e-02
1.671350859156445906e-02
1.674047908158993875e-02
1.679062875602102545e-02
1.687749477587213720e-02
1.701378587919352703e-02
1.721087560273124040e-02
1.747834366984704624e-02
1.782358850812948425e-02
1.825153269394302891e-02
1.876444031959778602e-02
1.936186070391521241e-02
2.004070657510786946e-02
2.079546711812330084e-02
2.161854758005377075e-02
2.250071812928627901e-02
2.343164615122056427e-02
2.440047896521341242e-02
2.539643884897280213e-02
2.640938990744906567e-02
2.743033715415010843e-02
2.845182233310677988e-02
2.946818833192060838e-02
3.047569403550093314e-02
3.147247337803016354e-02
3.245834518335016794e-02
3.343449303391859972e-02
3.440304575242625340e-02
3.536659808970865626e-02
3.632771705493814673e-02
3.728848144396199049e-02
3.825010029484751661e-02
3.921265035550988709e-02
4.017496365926592761e-02
4.113468474605053160e-02
4.208850395337844497e-02
4.303255969871552788e-02
4.396299000769639254e-02
4.487660289066158770e-02
4.577162757246152486e-02
4.664850484826216226e-02
4.751067548463679818e-02
4.836533078073279590e-02
4.922409895821616005e-02
5.010365442413564768e-02
5.102625331050105600e-02
5.202021697562125846e-02
5.312040416533141129e-02
5.436873107082539763e-02
5.581481547224532297e-02
5.751683560201160256e-02
5.954270563319206955e-02
6.197167740494216592e-02
6.489648198432038106e-02
6.842612490442287476e-02
7.268944532772342315e-02
7.783954154298125538e-02
8.405915198935706711e-02
9.156706008640078109e-02
1.006255583712989121e-01
1.115489560087388476e-01
1.247130332489087556e-01
1.405652217824907013e-01
1.596351003391185963e-01
1.825445129912843245e-01
2.100162100010462551e-01
2.428793406237347297e-01
2.820693601951932417e-01
3.286189334852180899e-01
3.836352488640047964e-01
4.482579136136582987e-01
5.235905341926605505e-01
6.105986695186969015e-01
7.099678407929561619e-01
8.219187492788488925e-01
9.459840233494207773e-01
1.080762680096821082e+00
1.223685006683696841e+00
1.370839526296836475e+00
1.516929604679538413e+00
1.655431113829919809e+00
1.779004067517085730e+00
1.880163713534214853e+00
1.952144425171723041e+00
1.989812570411189085e+00
1.990434145794536258e+00
1.954109305791800200e+00
1.883758422302987956e+00
1.784661314705188184e+00
1.663667997052794778e+00
1.528271175336057386e+00
1.385736628127354653e+00
1.242436976095483869e+00
1.103456509506486105e+00
9.724607603703948611e-01
8.517741502855005198e-01
7.425877435332837173e-01
6.452219826989535889e-01
5.593868724676783755e-01
4.844049002269176230e-01
4.193828159263663369e-01
3.633331974306114320e-01
3.152545483288592409e-01
2.741808106476702478e-01
2.392099290508777065e-01
2.095186330053580015e-01
1.843682732033466443e-01
1.631048731979438671e-01
1.451555075864909283e-01
1.300224760409885716e-01
1.172763177611634844e-01
1.065484007982481635e-01
9.752358501634675325e-02
8.993328047930806979e-02
8.354909300142779327e-02
7.817715377690212519e-02
7.365316075734169854e-02
6.983810939726381450e-02
6.661465578712186253e-02
6.388403367857772852e-02
6.156343660304644527e-02
5.958377542340904942e-02
5.788772847062358812e-02
5.642801408699454901e-02
5.516583202123689217e-02
5.406943868097430217e-02
5.311283966617887098e-02
5.227459926967502335e-02
