6.122623476312993862e-02
5.971770809804210350e-02
5.850102541899103448e-02
5.752857936320335264e-02
5.676063428122175847e-02
5.616402804963173401e-02
5.571106232332041081e-02
5.537855483697422254e-02
5.514703238231610793e-02
5.500004712215388059e-02
5.492360196106581272e-02
5.490567286465126290e-02
5.493581744809580836e-02
5.500486001219048737e-02
5.510464366944310688e-02
5.522784044239466283e-02
5.536781037565635666e-02
5.551850089717566550e-02
5.567437797472224448e-02
5.583038109090168732e-02
5.598189472706108227e-02
5.612472990409153595e-02
5.625511036046482172e-02
5.636965912640734544e-02
5.646538253925281747e-02
5.653965009022055010e-02
5.659016983825099212e-02
5.661496040168390032e-02
5.661232166230334428e-02
5.658080719936681158e-02
5.651920202306581764e-02
5.642650931522569246e-02
5.630194954902384419e-02
5.614497452323125026e-02
5.595529753179512289e-02
5.573293917476984660e-02
5.547828633870294235e-02
5.519215982354858108e-02
5.487588419711023069e-02
5.453135196019626152e-02
5.416107323578320254e-02
5.376820213817393168e-02
5.335653184388737535e-02
5.293045218825047360e-02
5.249486625490226710e-02
5.205506570659619581e-02
5.161656823042309883e-02
5.118492408246978764e-02
5.076550193756895063e-02
5.036326672367881507e-02
4.998256355962962805e-02
4.962692213666029806e-02
4.929889483616194806e-02
4.899993964600177221e-02
4.873035574475390042e-02
4.848927579182442382e-02
4.827471488283173462e-02
4.808367221270218317e-02
4.791227811056201352e-02
4.775597656942295877e-02
4.760973187606957341e-02
4.746824750710589708e-02
4.732618601841460937e-02
4.717838002557680349e-02
4.702002627928763417e-02
4.684685697216889322e-02
4.665528447140197821e-02
4.644251740893419467e-02
4.620664731924818691e-02
4.594670574187560697e-02
4.566269195745038117e-02
4.535557144811550728e-02
4.502724497072786713e-02
4.468048802826121713e-02
4.431886072038865310e-02
4.394658858497013654e-02
4.356841615474074669e-02
4.318943649293754961e-02
4.281490178705710248e-02
4.245002194661598449e-02
4.209975980467051127e-02
4.176863270220732005e-02
4.146053072181049570e-02
4.117856149405552113e-02
4.092493029140553684e-02
4.070086212481138777e-02
4.050656994401313771e-02
4.034127006754462119e-02
4.020324292921984011e-02
4.008993442331754142e-02
3.999809082236871483e-02
3.992391862070909792e-02
3.986325982319638417e-02
3.981177315184403209e-02
3.976511229165868855e-02
3.971909347704061233e-02
3.966984622563896057e-02
3.961394264281303812e-02
3.954850225581374445e-02
3.947127065135502821e-02
3.938067120831700851e-02
3.927582993414679979e-02
3.915657388665266803e-02
3.902340399446208030e-02
3.887744340173149293e-02
3.872036287149177580e-02
3.855428537220190188e-02
3.838167277943826949e-02
3.820519862643925735e-02
3.802761195276008199e-02
3.785159840114732388e-02
3.767964564055793775e-02
3.751392078253168449e-02
3.735616756033988128e-02
3.720763054625164656e-02
3.706901253938071905e-02
3.694046947985703266e-02
3.682164491977271692e-02
3.671174335794284704e-02
3.660963882759249444e-02
3.651401225255956201e-02
3.642350851121609057e-02
3.633690211141551996e-02
3.625325909528672591e-02
3.617208241752077613e-02
3.609342866291129215e-02
3.601798559502135400e-02
3.594710257846203683e-02
3.588276922897876142e-02
3.582754148085871143e-02
3.578441832539214218e-02
3.575667643843780108e-02
3.574767344415040460e-02
3.576063334356251178e-02
3.579842941150020857e-02
3.586338045264389485e-02
3.595707562542690972e-02
3.608024111914508170e-02
3.623265894468039039e-02
3.641314421403504115e-02
3.661958286148250807e-02
3.684902717563801056e-02
3.709784216104199117e-02
3.736189200436705604e-02
3.763675310250963468e-02
3.791793844928106894e-02
3.820111779658541540e-02
3.848231890727574211e-02
3.875809728414006394e-02
3.902566477210292484e-02
3.928297108825473671e-02
3.952873628892628055e-02
3.976243607573970440e-02
3.998424533930466929e-02
4.019494816218410760e-02
4.039582445443201664e-02
4.058852437194704343e-02
4.077494166417156007e-02
4.095709619775855792e-02
4.113703426641451832e-02
4.131675313737809274e-02
4.149815384440674881e-02
4.168302376240812235e-02
4.187304821864257232e-02
4.206984850193923320e-02
4.227504226743178384e-02
4.249032158632945477e-02
4.271754378686981601e-02
4.295883074849157768e-02
4.321667337548559806e-02
4.349403948335019143e-02
4.379448515447760537e-02
4.412227162662965552e-02
4.448249184278720014e-02
4.488121280986048789e-02
4.532564181350097476e-02
4.582432628284829196e-02
4.638739870135689947e-02
4.702687946882139203e-02
4.775705212357796159e-02
4.859492694889303716e-02
4.956081084555973015e-02
5.067900358566596042e-02
5.197864328537282752e-02
5.349472722693034143e-02
5.526933804663404504e-02
5.735310973356246705e-02
5.980697269803521288e-02
6.270422207462493513e-02
6.613295794022533425e-02
7.019894951074745482e-02
7.502897652253272265e-02
8.077469828220318337e-02
8.761709193193134571e-02
9.577148297211134087e-02
1.054931582963293951e-01
1.170834984254770922e-01
1.308964825356753181e-01
1.473452958650926792e-01
1.669085899414050334e-01
1.901356951453108124e-01
2.176497448482863362e-01
2.501472257720161463e-01
2.883919147731197619e-01
3.332005136134216228e-01
3.854166057440002180e-01
4.458689538229712590e-01
5.153098527652972827e-01
5.943295988490350235e-01
6.832446204207441864e-01
7.819600322941753223e-01
8.898128817031994986e-01
1.005410386368844389e+00
1.126487492801751866e+00
1.249818272839798183e+00
1.371222543699070595e+00
1.485707784971899592e+00
1.587772111050605783e+00
1.671864585862098629e+00
1.732958110241685556e+00
1.767148310531507338e+00
1.772165234497174779e+00
1.747687699468610578e+00
1.695387632292315150e+00
1.618694034926506653e+00
1.522332100755382056e+00
1.411739586161154580e+00
1.292476082875094967e+00
1.169722040518446082e+00
1.047925592141198070e+00
9.306126597819206481e-01
8.203421871519176456e-01
7.187694012771866925e-01
6.267750973165300277e-01
5.446238063760346915e-01
4.721233141857880122e-01
4.087683530183766623e-01
3.538600417018992195e-01
3.065989121976169796e-01
2.661532007455448268e-01
2.317060099618842850e-01
2.024855767756672809e-01
1.777827378935482872e-01
1.569591550089586840e-01
1.394491951032559851e-01
1.247577002518567568e-01
1.124552976657997444e-01
1.021724208862272720e-01
9.359283845158788973e-02
8.644720572630830435e-02
8.050695277876504519e-02
7.557867954607774830e-02
7.149913400273015529e-02
6.813078719433478259e-02
6.535798103868059594e-02
6.308360339920035531e-02
