2.833614355492058978e-02
2.825931348035415347e-02
2.818355991705767671e-02
2.810864033779719717e-02
2.803451341971324728e-02
2.796136173463692476e-02
2.788961052261423879e-02
2.781994347836097559e-02
2.775331766620597884e-02
2.769098099054534412e-02
2.763449697586277398e-02
2.758578284404648862e-02
2.754716792516555268e-02
2.752148024018002265e-02
2.751216963128386150e-02
2.752347611747951728e-02
2.756065230090571153e-02
2.763024877560141604e-02
2.774047177440765177e-02
2.790162295347824173e-02
2.812663251501856462e-02
2.843169909271688750e-02
2.883705327286029824e-02
2.936786660007665792e-02
3.005533470075284763e-02
3.093797197794192003e-02
3.206316632980541620e-02
3.348905553656501138e-02
3.528680221190350075e-02
3.754336120985837105e-02
4.036485159977343251e-02
4.388066398583111150e-02
4.824845184554921174e-02
5.366017071905158226e-02
6.034933813649262513e-02
6.859968440009554802e-02
7.875534031008912805e-02
9.123264787640643358e-02
1.065335621338643207e-01
1.252604057345862165e-01
1.481314021995446262e-01
1.759958968822841752e-01
2.098474153188293889e-01
2.508316401584832489e-01
3.002449509138521710e-01
3.595173391937889762e-01
4.301713443740363685e-01
5.137463890200035799e-01
6.116761057471948870e-01
7.251060656347113609e-01
8.546426090307910339e-01
1.000032789478757067e+00
1.159793360965392317e+00
1.330834370857037374e+00
1.508157458686294028e+00
1.684741086176488212e+00
1.851737814967877593e+00
1.999081479097365888e+00
2.116519781496108532e+00
2.194956958050315876e+00
2.227850965437706776e+00
2.212325326764261746e+00
2.149686178929557823e+00
2.045190399122981173e+00
1.907133563014645095e+00
1.745519348532405202e+00
1.570655120777740610e+00
1.391974267281552713e+00
1.217258403669644995e+00
1.052290260747689388e+00
9.008635782785069379e-01
7.650286978159122064e-01
6.454528929736336185e-01
5.418019613720075345e-01
4.530847736173232443e-01
3.779332131420979346e-01
3.148114884179654682e-01
2.621612023596571195e-01
2.184940075568533313e-01
1.824447124262189024e-01
1.527964174208952808e-01
1.284870559667081746e-01
1.086044001102062784e-01
9.237455442556279095e-02
7.914733690378664144e-02
6.838073115263454405e-02
5.962573053135088869e-02
5.251230590021412070e-02
4.673684291498268750e-02
4.205115299495091469e-02
3.825301875414911096e-02
3.517815661345857770e-02
3.269344317315196757e-02
3.069124179216206616e-02
2.908467107261307125e-02
2.780367063766144356e-02
2.679173723723242764e-02
2.600322296424963792e-02
2.540110541794122351e-02
2.495515591425325613e-02
2.464044569817063629e-02
2.443614128920145595e-02
2.432454859049349577e-02
2.429037143272995761e-02
2.432015419540824175e-02
2.440188055922053526e-02
2.452470186403439556e-02
2.467876954472445622e-02
2.485514719323254906e-02
2.504577933019783154e-02
2.524349618378177174e-02
2.544203671041157799e-02
2.563607562650283000e-02
2.582124408934938220e-02
2.599413752173224124e-02
2.615230754927397316e-02
2.629423778681239110e-02
2.641930504551825987e-02
2.652772835165401188e-02
2.662050804202376053e-02
2.669935634648717970e-02
2.676661961043014237e-02
2.682519103168157226e-02
2.687841186127448712e-02
2.692995874896209063e-02
2.698371548300726452e-02
2.704362880434241223e-02
2.711355012945582121e-02
2.719706761125567640e-02
2.729733561710745438e-02
2.741691097884602080e-02
2.755760686464564513e-02
2.772037551826295187e-02
2.790523022774593631e-02
2.811121471453165155e-02
2.833642484401549533e-02
2.857808347786372494e-02
2.883266486091962122e-02
2.909606066377716516e-02
2.936377617932518780e-02
2.963114261696637997e-02
2.989353024215767735e-02
3.014654739666106087e-02
3.038621215323726588e-02
3.060908628663832828e-02
3.081236502520931161e-02
3.099392024375742516e-02
3.115229890191353879e-02
3.128668218947772139e-02
3.139681366237904309e-02
3.148290641287138092e-02
3.154553992859083361e-02
3.158555680892637801e-02
3.160396809453336342e-02
3.160187388301802930e-02
3.158040345142996280e-02
3.154067658677352226e-02
3.148378550664154146e-02
3.141079483784747772e-02
3.132275573843845695e-02
3.122072944485665413e-02
3.110581527803365359e-02
3.097917837376655548e-02
3.084207300633172444e-02
3.069585823239009276e-02
3.054200358467910881e-02
3.038208360052112311e-02
3.021776101076936727e-02
3.005075939380677519e-02
2.988282698469273135e-02
2.971569409603636025e-02
2.955102722763991441e-02
2.939038338330168809e-02
2.923516833562506134e-02
2.908660254142858559e-02
2.894569807558869390e-02
2.881324930069895096e-02
2.868983903135469138e-02
2.857586072735118776e-02
2.847155583929350531e-02
2.837706394773409357e-02
2.829248192354860691e-02
2.821792714533166713e-02
2.815359898563385421e-02
2.809983244368452482e-02
2.805713803738441037e-02
2.802622289598044603e-02
2.800798937845527803e-02
2.800350938027373893e-02
2.801397462693899776e-02
2.804062549069508137e-02
2.808466299000045296e-02
2.814715042532700551e-02
2.822891237978386592e-02
2.833043942503421508e-02
2.845180674000757914e-02
2.859261396180190484e-02
2.875195200917135541e-02
2.892840048245248763e-02
2.912005674012974055e-02
2.932459511049767542e-02
2.953935216259845342e-02
2.976143177142320795e-02
2.998782207446262782e-02
3.021551548394155184e-02
3.044162277765266600e-02
3.066347295073977575e-02
3.087869190321461399e-02
3.108525502522263562e-02
3.128151112998110717e-02
3.146617774302459813e-02
3.163831024394869740e-02
3.179724954373161494e-02
3.194255467251604780e-02
3.207392770846807101e-02
3.219113882247724712e-02
3.229395884081666390e-02
3.238210570073197375e-02
3.245520961277140876e-02
3.251279981236306071e-02
3.255431367110317442e-02
3.257912684113219159e-02
3.258660120778066743e-02
3.257614588278396478e-02
3.254728540005237536e-02
3.249972874883558932e-02
3.243343291625636754e-02
3.234865518557473313e-02
3.224598947786538189e-02
3.212638342729693536e-02
3.199113451250663875e-02
3.184186528299402796e-02
3.168047937197217279e-02
3.150910143737271907e-02
3.133000530335948441e-02
3.114553529940655013e-02
3.095802606489199416e-02
3.076972589947241099e-02
3.058272813210435870e-02
3.039891403334142594e-02
3.021990961726217506e-02
3.004705740203233999e-02
2.988140295811952951e-02
2.972369499691765449e-02
2.957439694124053275e-02
2.943370743712969695e-02
2.930158713353275823e-02
2.917778924674352403e-02
2.906189187308055866e-02
2.895333061886651294e-02
2.885143076874607804e-02
2.875543880102571226e-02
2.866455349003882436e-02
2.857795705116905616e-02
2.849484676614200129e-02
2.841446730029362211e-02
