1.126565818846335665e-01
1.127878612039828199e-01
1.129519752528176380e-01
1.131481812146333255e-01
1.133757189697148782e-01
1.136338133584614551e-01
1.139216766780197787e-01
1.142385113869385238e-01
1.145835129928889362e-01
1.149558730988967659e-01
1.153547825839922325e-01
1.157794348947185359e-01
1.162290294245571509e-01
1.167027749590463515e-01
1.171998931651755393e-01
1.177196221045605506e-01
1.182612197509376184e-01
1.188239674936582002e-01
1.194071736101414150e-01
1.200101766916227275e-01
1.206323490080595251e-01
1.212730997996760429e-01
1.219318784843915759e-01
1.226081777722421995e-01
1.233015366798810852e-01
1.240115434403374906e-01
1.247378383053919793e-01
1.254801162402098824e-01
1.262381295122313452e-01
1.270116901787613495e-01
1.278006724801953320e-01
1.286050151483907333e-01
1.294247236422876590e-01
1.302598723255333213e-01
1.311106066035338802e-01
1.319771450400406554e-01
1.328597814760750506e-01
1.337588871766891840e-01
1.346749130337394074e-01
1.356083918555130163e-01
1.365599407766893980e-01
1.375302638247136444e-01
1.385201546812310780e-01
1.395304996797449015e-01
1.405622810831267944e-01
1.416165806870177402e-01
1.426945837975114595e-01
1.437975836337857527e-01
1.449269862085672822e-01
1.460843157414416504e-01
1.472712206620827580e-01
1.484894802624270316e-01
1.497410120586932791e-01
1.510278799258947813e-01
1.523523030691312230e-01
1.537166658974328803e-01
1.551235288672697110e-01
1.565756403639755601e-01
1.580759496902670869e-01
1.596276212316988241e-01
1.612340498692456658e-01
1.628988777091923135e-01
1.646260122000333670e-01
1.664196457050994282e-01
1.682842765979757349e-01
1.702247319453751018e-01
1.722461918387909185e-01
1.743542154318331039e-01
1.765547687344010686e-01
1.788542542075545194e-01
1.812595421937978901e-01
1.837780042061625263e-01
1.864175480855813083e-01
1.891866550191381169e-01
1.920944183913314562e-01
1.951505844159494019e-01
1.983655944668213378e-01
2.017506289908692074e-01
2.053176528456720495e-01
2.090794618552375139e-01
2.130497303208359061e-01
2.172430591574102676e-01
2.216750242490317380e-01
2.263622245277552292e-01
2.313223291776321522e-01
2.365741232480778611e-01
2.421375508267155641e-01
2.480337547697171741e-01
2.542851118160467938e-01
2.609152617195124035e-01
2.679491288180215758e-01
2.754129342220738019e-01
2.833341965439809540e-01
2.917417188058848421e-01
3.006655588595333328e-01
3.101369803263105407e-01
3.201883807259600645e-01
3.308531931123991354e-01
3.421657571827896316e-01
3.541611554821167962e-01
3.668750100035744754e-01
3.803432342024316570e-01
3.946017352193081362e-01
4.096860609741507231e-01
4.256309867759999754e-01
4.424700362325004743e-01
4.602349315790286721e-01
4.789549691272940724e-01
4.986563164086218469e-01
5.193612288120534881e-01
5.410871851470011595e-01
5.638459436474452247e-01
5.876425225265038410e-01
6.124741123223652606e-01
6.383289309674725631e-01
6.651850367559977162e-01
6.930091191406607676e-01
7.217552924774781609e-01
7.513639233241895532e-01
7.817605274945595983e-01
8.128547785218982469e-01
8.445396741698560916e-01
8.766909117616064062e-01
9.091665259400103505e-01
9.418068435437518815e-01
9.744348090991199474e-01
1.006856730520355514e+00
1.038863487589035906e+00
1.070232235371734397e+00
1.100728620837673422e+00
1.130109513684813605e+00
1.158126232175935577e+00
1.184528222326309610e+00
1.209067125073921112e+00
1.231501142378393698e+00
1.251599591025126745e+00
1.269147513862849630e+00
1.283950203873113871e+00
1.295837488301960772e+00
1.304667619214069374e+00
1.310330623949809148e+00
1.312750984213572947e+00
1.311889535420411423e+00
1.307744507383840293e+00
1.300351661794899361e+00
1.289783519148052671e+00
1.276147705487733486e+00
1.259584485206730164e+00
1.240263577912918525e+00
1.218380383236707054e+00
1.194151756024580457e+00
1.167811484898346741e+00
1.139605629525191066e+00
1.109787866601563699e+00
1.078614982467500649e+00
1.046342632773892500e+00
1.013221468284770221e+00
9.794937023441646629e-01
9.453901713424744946e-01
9.111279160749240491e-01
8.769082903350584601e-01
8.429155842730163828e-01
8.093161345081953950e-01
7.762578809658490231e-01
7.438703219018856228e-01
7.122648133820314031e-01
6.815351572357455368e-01
6.517584217638529021e-01
6.229959417496164775e-01
5.952944481101609675e-01
5.686872823606951011e-01
5.431956565290045891e-01
5.188299248955642318e-01
4.955908396562109242e-01
4.734707680878048053e-01
4.524548538834744504e-01
4.325221099091476895e-01
4.136464336601414216e-01
3.957975401463114662e-01
3.789418098162860016e-01
3.630430514761356919e-01
3.480631820100140161e-01
3.339628261226221251e-01
3.207018403522686190e-01
3.082397663055452264e-01
2.965362184946274682e-01
2.855512123664627477e-01
2.752454381451447385e-01
2.655804860046944160e-01
2.565190278838371252e-01
2.480249609763105489e-01
2.400635176039456198e-01
2.326013458247898624e-01
2.256065647604587332e-01
2.190487982577726256e-01
2.128991901386385055e-01
2.071304039456817736e-01
2.017166097638943834e-01
1.966334603934433989e-01
1.918580588674348997e-01
1.873689190514086222e-01
1.831459208285728391e-01
1.791702611654812927e-01
1.754244021659774888e-01
1.718920170553631666e-01
1.685579348903989971e-01
1.654080846622990597e-01
1.624294393477320186e-01
1.596099603653943766e-01
1.569385428114801195e-01
1.544049617748497472e-01
1.519998199706200648e-01
1.497144968779643148e-01
1.475410995230346800e-01
1.454724150100591973e-01
1.435018648719177947e-01
1.416234612850191810e-01
1.398317651713949505e-01
1.381218461929115959e-01
1.364892446278422600e-01
1.349299351082227927e-01
1.334402921870241066e-01
1.320170576968097143e-01
1.306573098559166424e-01
1.293584340739914185e-01
1.281180954057116184e-01
1.269342125995133463e-01
1.258049336869451751e-01
1.247286130577390517e-01
1.237037899657008888e-01
1.227291684109528963e-01
1.218035983448457482e-01
1.209260581448925176e-01
1.200956383083161827e-01
1.193115263141808075e-01
1.185729926055561489e-01
1.178793776446984826e-01
1.172300799957979034e-01
1.166245453914065699e-01
1.160622567402047056e-01
1.155427250352692170e-01
1.150654811234616548e-01
1.146300682979378288e-01
1.142360356770985991e-01
1.138829323345340455e-01
1.135703021456566236e-01
1.132976793177872671e-01
1.130645845714180336e-01
1.128705219412648036e-01
1.127149761665084127e-01
1.125974106403338226e-01
1.125172658895005062e-01
1.124739585552296806e-01
1.124668808471726011e-01
1.124954004426412246e-01
1.125588608036504068e-01
