3.578899277935569945e-01
3.491479375003262442e-01
3.408305426633475022e-01
3.329253705526143969e-01
3.254196603213123096e-01
3.183003819416213576e-01
3.115543412227254061e-01
3.051682718411801720e-01
2.991289153368397735e-01
2.934230900309617307e-01
2.880377498107430378e-01
2.829600336996487275e-01
2.781773070984513985e-01
2.736771955403632939e-01
2.694476117571732443e-01
2.654767768036431219e-01
2.617532359360797978e-01
2.582658698891387994e-01
2.550039021435029918e-01
2.519569027268633299e-01
2.491147890421532562e-01
2.464678241706777517e-01
2.440066130539250977e-01
2.417220969166127831e-01
2.396055462550294723e-01
2.376485526789767488e-01
2.358430198626186580e-01
2.341811538291877492e-01
2.326554527667271388e-01
2.312586965467235967e-01
2.299839360944769540e-01
2.288244827392197089e-01
2.277738976532023285e-01
2.268259814720234857e-01
2.259747641733080847e-01
2.252144952772302533e-01
2.245396344202371663e-01
2.239448423425215995e-01
2.234249723201803262e-01
2.229750620644810888e-01
2.225903261031463853e-01
2.222661486519200702e-01
2.219980769788688080e-01
2.217818152587645308e-01
2.216132189104520755e-01
2.214882894062444874e-01
2.214031695390683008e-01
2.213541391302181749e-01
2.213376111581784322e-01
2.213501282869299314e-01
2.213883597704901507e-01
2.214490987090952379e-01
2.215292596313670481e-01
2.216258763760342310e-01
2.217361002462490682e-01
2.218571984092314042e-01
2.219865525138999263e-01
2.221216574992613269e-01
2.222601205666357438e-01
2.223996602892827912e-01
2.225381058336388107e-01
2.226733962671827716e-01
2.228035799289067032e-01
2.229268138394487897e-01
2.230413631291807697e-01
2.231456004638709412e-01
2.232380054490076260e-01
2.233171639954177889e-01
2.233817676304614697e-01
2.234306127408202114e-01
2.234625997346880721e-01
2.234767321130459727e-01
2.234721154416037248e-01
2.234479562169429112e-01
2.234035606223709891e-01
2.233383331709755115e-01
2.232517752353532225e-01
2.231434834654619226e-01
2.230131480979838932e-01
2.228605511624920377e-01
2.226855645915641335e-01
2.224881482437809366e-01
2.222683478502415766e-01
2.220262928968659843e-01
2.217621944562694347e-01
2.214763429844067155e-01
2.211691060984834478e-01
2.208409263538040346e-01
2.204923190382543918e-01
2.201238700040288876e-01
2.197362335569585934e-01
2.193301304244104633e-01
2.189063458231932380e-01
2.184657276492205646e-01
2.180091848108436370e-01
2.175376857278034093e-01
2.170522570176223742e-01
2.165539823910151707e-01
2.160440017775089871e-01
2.155235107019716212e-01
2.149937599321184167e-01
2.144560554163671973e-01
2.139117585305808644e-01
2.133622866513610328e-01
2.128091140725771324e-01
2.122537732808025268e-01
2.116978566042530541e-01
2.111430182487137597e-01
2.105909767328133786e-01
2.100435177338554338e-01
2.095024973542651825e-01
2.089698458175595075e-01
2.084475716016230551e-01
2.079377660159371366e-01
2.074426082283153949e-01
2.069643707456257919e-01
2.065054253519006400e-01
2.060682495062034214e-01
2.056554332015709252e-01
2.052696862853011228e-01
2.049138462397885885e-01
2.045908864219980750e-01
2.043039247584764739e-01
2.040562328915395407e-01
2.038512457708412939e-01
2.036925716829565969e-01
2.035840027097834959e-01
2.035295256044876711e-01
2.035333330712591760e-01
2.035998354323189652e-01
2.037336726622521188e-01
2.039397267658390467e-01
2.042231344709485585e-01
2.045893002026965835e-01
2.050439092987982048e-01
2.055929414187703252e-01
2.062426840912132131e-01
2.069997463336859522e-01
2.078710722685458701e-01
2.088639546453712748e-01
2.099860481660911771e-01
2.112453824925162593e-01
2.126503747974301806e-01
2.142098416996091326e-01
2.159330103998822470e-01
2.178295288095063176e-01
2.199094744335075013e-01
2.221833617401655081e-01
2.246621477133158573e-01
2.273572352466093904e-01
2.302804739982513837e-01
2.334441582810863891e-01
2.368610215163406141e-01
2.405442267300913761e-01
2.445073525199329134e-01
2.487643738658590897e-01
2.533296371047034645e-01
2.582178283324570445e-01
2.634439344444635678e-01
2.690231959712813259e-01
2.749710508194823655e-01
2.813030679839102488e-01
2.880348702632295477e-01
2.951820449868102214e-01
3.027600417512713582e-01
3.107840561730466633e-01
3.192688986932396000e-01
3.282288475273825723e-01
3.376774849404790557e-01
3.476275161522349721e-01
3.580905703442516796e-01
3.690769834558667029e-01
3.805955627239128169e-01
3.926533332492475603e-01
4.052552672641349663e-01
4.184039972331533574e-01
4.320995144484914841e-01
4.463388553785567758e-01
4.611157786945744297e-01
4.764204366279845004e-01
4.922390450928550987e-01
5.085535578289149816e-01
5.253413506638324737e-01
5.425749228344827202e-01
5.602216231169667715e-01
5.782434092593057295e-01
5.965966498489514436e-01
6.152319782348960597e-01
6.340942084131118150e-01
6.531223228245408574e-01
6.722495417575244936e-01
6.914034834454517719e-01
7.105064229659323605e-01
7.294756566506490625e-01
7.482239768897090970e-01
7.666602599629651627e-01
7.846901668765546844e-01
8.022169541725837627e-01
8.191423883853895527e-01
8.353677543364539382e-01
8.507949439127935332e-01
8.653276085017662655e-01
8.788723550146144703e-01
8.913399625849376395e-01
9.026465947381591137e-01
9.127149802437022341e-01
9.214755351104938486e-01
9.288673983638499054e-01
9.348393554018954443e-01
9.393506248790367552e-01
9.423714881578093561e-01
9.438837443124081794e-01
9.438809783128906394e-01
9.423686351830156127e-01
9.393638983907341977e-01
9.348953762642369103e-01
9.290026055900508783e-01
9.217353865154351844e-01
9.131529672418430277e-01
9.033231005919486467e-01
8.923209972367029952e-01
8.802282021080900520e-01
8.671314212763803209e-01
8.531213263661087121e-01
8.382913624957760712e-01
8.227365838623201810e-01
8.065525385902654332e-01
7.898342214818346863e-01
7.726751099999126238e-01
7.551662953497491060e-01
7.373957170459376487e-01
7.194475059896181524e-01
7.014014379462985005e-01
6.833324964920419742e-01
6.653105420449016982e-01
6.474000815549181276e-01
6.296601318031360695e-01
6.121441680521122475e-01
5.949001489757628214e-01
5.779706083416258355e-01
5.613928037819058137e-01
5.451989131242351849e-01
5.294162691103296847e-01
5.140676238624237726e-01
4.991714351179494802e-01
4.847421670006013539e-01
4.707905988937952091e-01
4.573241367990000250e-01
4.443471223704307804e-01
4.318611355983433264e-01
4.198652878499900543e-01
4.083565026589209834e-01
3.973297822725469497e-01
3.867784585208012826e-01
3.766944270542698647e-01
3.670683644193414308e-01
