1.734023766920839149e-02
1.749834271604416847e-02
1.763660339682537187e-02
1.775601371678554863e-02
1.785788547181178104e-02
1.794360105813107981e-02
1.801436795037206912e-02
1.807099577403662935e-02
1.811371613034036543e-02
1.814206290671346519e-02
1.815482664884068842e-02
1.815009078982397078e-02
1.812535047401822585e-02
1.807770696606673944e-02
1.800412298842508224e-02
1.790171767779846074e-02
1.776807506105565135e-02
1.760153772163224398e-02
1.740145805433695667e-02
1.716838319869784524e-02
1.690415599873428334e-02
1.661192240249755037e-02
1.629604458824382082e-02
1.596192770374484440e-02
1.561577543916529628e-02
1.526429497132233970e-02
1.491437470847058189e-02
1.457275869349442671e-02
1.424573978637940636e-02
1.393889037636701633e-02
1.365684500691645431e-02
1.340314454099966746e-02
1.318014682632928647e-02
1.298900452931295302e-02
1.282970699953650540e-02
1.270117968256567753e-02
1.260143165568505808e-02
1.252773930507156130e-02
1.247685209306831355e-02
1.244520501087659214e-02
1.242912199871726298e-02
1.242499567255966886e-02
1.242943134561114160e-02
1.243934757432973992e-02
1.245203099400638003e-02
1.246514942426801831e-02
1.247673325142384382e-02
1.248513994043165543e-02
1.248901926085321801e-02
1.248729674938553469e-02
1.247918981920476122e-02
1.246426502793113178e-02
1.244253712176329740e-02
1.241460179933168151e-02
1.238178613576149112e-02
1.234629471160003655e-02
1.231132686455008174e-02
1.228114179213965484e-02
1.226105351993146686e-02
1.225734640300056577e-02
1.227711268947384582e-02
1.232802523762079050e-02
1.241806915342686529e-02
1.255526450827657708e-02
1.274741743876268985e-02
1.300193843158926194e-02
1.332576467988652244e-02
1.372541882863387297e-02
1.420723035207205852e-02
1.477773953995963063e-02
1.544429888492747024e-02
1.621588362122240376e-02
1.710412302007936064e-02
1.812456723289479488e-02
1.929821116312766330e-02
2.065330705707899700e-02
2.222751120884077988e-02
2.407042741632011568e-02
2.624663077824167939e-02
2.883928041762409689e-02
3.195445919399812068e-02
3.572641279653802210e-02
4.032389970143201302e-02
4.595790600885544391e-02
5.289102132229193953e-02
6.144880540748394460e-02
7.203348547473514829e-02
8.514028637593576421e-02
1.013765747037512349e-01
1.214837420721211758e-01
1.463612945592436543e-01
1.770918654905589973e-01
2.149647156714067087e-01
2.614935961067224590e-01
3.184224800513471010e-01
3.877095007249194980e-01
4.714754352966512574e-01
5.718985274104788630e-01
6.910332995683683421e-01
8.305295105773101705e-01
9.912326149336823100e-01
1.172664713065453279e+00
1.372420784277133876e+00
1.585570862800925518e+00
1.804226994268676387e+00
2.017491068795079556e+00
2.212006219324440082e+00
2.373245588898929448e+00
2.487467661016907972e+00
2.543989849199358666e+00
2.537201541657337245e+00
2.467702526446857725e+00
2.342185682097006172e+00
2.172102220154322083e+00
1.971548845430933117e+00
1.755006211145705208e+00
1.535480882715430706e+00
1.323351263562923652e+00
1.125943077232436806e+00
9.476728931929820909e-01
7.905296484804593682e-01
6.546853891060463448e-01
5.390897590609267098e-01
4.419699811559795188e-01
3.612096993075113449e-01
2.946116062502317501e-01
2.400636933808601159e-01
1.956329537281411568e-01
1.596085163631575654e-01
1.305119749746845303e-01
1.070880867063507269e-01
8.828499318618392155e-02
7.322995835412118848e-02
6.120431382158473405e-02
5.161971065882572235e-02
4.399672739714025060e-02
3.794622510714971975e-02
3.315345035039093946e-02
2.936467569259037375e-02
2.637607154886279642e-02
2.402447841475395529e-02
2.217976518995891377e-02
2.073849732872141277e-02
1.961868474013809399e-02
1.875542523469262909e-02
1.809729978643588241e-02
1.760340837134851191e-02
1.724095893277548946e-02
1.698333774439960905e-02
1.680859861257358312e-02
1.669831297488252528e-02
1.663672509069987274e-02
1.661015803146944844e-02
1.660661845112088725e-02
1.661555194968115934e-02
1.662770643014815225e-02
1.663506786090710593e-02
1.663084059761625599e-02
1.660945202449183589e-02
1.656656791267049900e-02
1.649910993320274910e-02
1.640526989138640923e-02
1.628451651344198226e-02
1.613759039065920664e-02
1.596648158349656121e-02
1.577438313256029900e-02
1.556561300893327671e-02
1.534549740158558384e-02
1.512020997768515063e-02
1.489656486906182353e-02
1.468176536531917709e-02
1.448311514168454384e-02
1.430770369653844298e-02
1.416208186961664950e-02
1.405194627757400117e-02
1.398185281111385958e-02
1.395497876369578005e-02
1.397295070714477117e-02
1.403575110938887205e-02
1.414171129682845196e-02
1.428759221573722149e-02
1.446874812308635017e-02
1.467936241655207197e-02
1.491273981787838432e-02
1.516163547023216540e-02
1.541859947654275476e-02
1.567631511083565632e-02
1.592791033346439844e-02
1.616722513642804282e-02
1.638902131198040346e-02
1.658912606252248984e-02
1.676450599554262649e-02
1.691327302438623559e-02
1.703462812816734090e-02
1.712875250806949676e-02
1.719665822334642824e-02
1.724001182959548212e-02
1.726094491418954380e-02
1.726186485189480993e-02
1.724527776009064303e-02
1.721363370571326462e-02
1.716920188202503833e-02
1.711398088344101912e-02
1.704964648480431638e-02
1.697753658548930081e-02
1.689867031767875588e-02
1.681379586943692467e-02
1.672345949078851701e-02
1.662808661100272437e-02
1.652806517602763842e-02
1.642382136534169951e-02
1.631587884935672972e-02
1.620489468367908303e-02
1.609166766645464888e-02
1.597711825146830647e-02
1.586224255862412474e-02
1.574804625036523020e-02
1.563546665087444526e-02
1.552529314696218798e-02
1.541809641795115204e-02
1.531417634046808307e-02
1.521353660263385921e-02
1.511589137461666343e-02
1.502070614369532819e-02
1.492727139325206176e-02
1.483480453059682347e-02
1.474257263300654541e-02
1.465002638709711480e-02
1.455693416144021590e-02
1.446350452474765014e-02
1.437048570624677168e-02
1.427923147483423083e-02
1.419172466669249566e-02
1.411055208672440386e-02
1.403882769176045819e-02
1.398006472453983129e-02
1.393800161835345719e-02
1.391639074695394385e-02
1.391876307484807285e-02
1.394818502923178549e-02
1.400702602057202206e-02
1.409675560371792535e-02
1.421778805517581734e-02
1.436938910488949617e-02
1.454965489482473728e-02
1.475556735956973231e-02
1.498312373190280322e-02
1.522753146261607293e-02
1.548345420044955345e-02
1.574529019460058077e-02
1.600746196550179024e-02
1.626469551609022179e-02
1.651226866675400973e-02
1.674621103358064911e-02
1.696344233676752578e-02
1.716184067233807176e-02
