3.578899277935552736e-01
3.491479375003250785e-01
3.408305426633468915e-01
3.329253705526141749e-01
3.254196603213125316e-01
3.183003819416221347e-01
3.115543412227262388e-01
3.051682718411815043e-01
2.991289153368414944e-01
2.934230900309638401e-01
2.880377498107453693e-01
2.829600336996515031e-01
2.781773070984543406e-01
2.736771955403666245e-01
2.694476117571767415e-01
2.654767768036467301e-01
2.617532359360836836e-01
2.582658698891428517e-01
2.550039021435072106e-01
2.519569027268678818e-01
2.491147890421578637e-01
2.464678241706825534e-01
2.440066130539299827e-01
2.417220969166179179e-01
2.396055462550345239e-01
2.376485526789818559e-01
2.358430198626239038e-01
2.341811538291931893e-01
2.326554527667326344e-01
2.312586965467293143e-01
2.299839360944825328e-01
2.288244827392253433e-01
2.277738976532079906e-01
2.268259814720289813e-01
2.259747641733137469e-01
2.252144952772359154e-01
2.245396344202426619e-01
2.239448423425274282e-01
2.234249723201859328e-01
2.229750620644866399e-01
2.225903261031518532e-01
2.222661486519254270e-01
2.219980769788739983e-01
2.217818152587697489e-01
2.216132189104571548e-01
2.214882894062496499e-01
2.214031695390732968e-01
2.213541391302229489e-01
2.213376111581832340e-01
2.213501282869342335e-01
2.213883597704944806e-01
2.214490987090996788e-01
2.215292596313711559e-01
2.216258763760382833e-01
2.217361002462528430e-01
2.218571984092349292e-01
2.219865525139032569e-01
2.221216574992645465e-01
2.222601205666387691e-01
2.223996602892857610e-01
2.225381058336413365e-01
2.226733962671852973e-01
2.228035799289089514e-01
2.229268138394510101e-01
2.230413631291826571e-01
2.231456004638726065e-01
2.232380054490091803e-01
2.233171639954190657e-01
2.233817676304625799e-01
2.234306127408212106e-01
2.234625997346887938e-01
2.234767321130464723e-01
2.234721154416039468e-01
2.234479562169430222e-01
2.234035606223709336e-01
2.233383331709752895e-01
2.232517752353527785e-01
2.231434834654613675e-01
2.230131480979832825e-01
2.228605511624908719e-01
2.226855645915630233e-01
2.224881482437797153e-01
2.222683478502400778e-01
2.220262928968645966e-01
2.217621944562678804e-01
2.214763429844048837e-01
2.211691060984817270e-01
2.208409263538020917e-01
2.204923190382522824e-01
2.201238700040266671e-01
2.197362335569563174e-01
2.193301304244079097e-01
2.189063458231906845e-01
2.184657276492180111e-01
2.180091848108410280e-01
2.175376857278006892e-01
2.170522570176195709e-01
2.165539823910122563e-01
2.160440017775062116e-01
2.155235107019685958e-01
2.149937599321155579e-01
2.144560554163643384e-01
2.139117585305782554e-01
2.133622866513583127e-01
2.128091140725744401e-01
2.122537732807999455e-01
2.116978566042503063e-01
2.111430182487109286e-01
2.105909767328106863e-01
2.100435177338529913e-01
2.095024973542626290e-01
2.089698458175568985e-01
2.084475716016208069e-01
2.079377660159346664e-01
2.074426082283131745e-01
2.069643707456236825e-01
2.065054253518985861e-01
2.060682495062015895e-01
2.056554332015691489e-01
2.052696862852993742e-01
2.049138462397870897e-01
2.045908864219965761e-01
2.043039247584752249e-01
2.040562328915383472e-01
2.038512457708403225e-01
2.036925716829556254e-01
2.035840027097828575e-01
2.035295256044870049e-01
2.035333330712587041e-01
2.035998354323184656e-01
2.037336726622520355e-01
2.039397267658389634e-01
2.042231344709487251e-01
2.045893002026968610e-01
2.050439092987987322e-01
2.055929414187709914e-01
2.062426840912141290e-01
2.069997463336870624e-01
2.078710722685470913e-01
2.088639546453726625e-01
2.099860481660928979e-01
2.112453824925180912e-01
2.126503747974322622e-01
2.142098416996112697e-01
2.159330103998848005e-01
2.178295288095089544e-01
2.199094744335104157e-01
2.221833617401687555e-01
2.246621477133192435e-01
2.273572352466130264e-01
2.302804739982554361e-01
2.334441582810905802e-01
2.368610215163451105e-01
2.405442267300960391e-01
2.445073525199380482e-01
2.487643738658641968e-01
2.533296371047091267e-01
2.582178283324628731e-01
2.634439344444698961e-01
2.690231959712879317e-01
2.749710508194892489e-01
2.813030679839172987e-01
2.880348702632369862e-01
2.951820449868181040e-01
3.027600417512797959e-01
3.107840561730552675e-01
3.192688986932486483e-01
3.282288475273920647e-01
3.376774849404889922e-01
3.476275161522450752e-01
3.580905703442621713e-01
3.690769834558774720e-01
3.805955627239239192e-01
3.926533332492592177e-01
4.052552672641468456e-01
4.184039972331654034e-01
4.320995144485041961e-01
4.463388553785693769e-01
4.611157786945874193e-01
4.764204366279976011e-01
4.922390450928683658e-01
5.085535578289283043e-01
5.253413506638460184e-01
5.425749228344962649e-01
5.602216231169803162e-01
5.782434092593191632e-01
5.965966498489647662e-01
6.152319782349089383e-01
6.340942084131246936e-01
6.531223228245532919e-01
6.722495417575364840e-01
6.914034834454632072e-01
7.105064229659431296e-01
7.294756566506592765e-01
7.482239768897186449e-01
7.666602599629737114e-01
7.846901668765624560e-01
8.022169541725903130e-01
8.191423883853949928e-01
8.353677543364583791e-01
8.507949439127968638e-01
8.653276085017683750e-01
8.788723550146151364e-01
8.913399625849369734e-01
9.026465947381571153e-01
9.127149802436989035e-01
9.214755351104890746e-01
9.288673983638435772e-01
9.348393554018876728e-01
9.393506248790277624e-01
9.423714881577989200e-01
9.438837443123966331e-01
9.438809783128777608e-01
9.423686351830014019e-01
9.393638983907190987e-01
9.348953762642209231e-01
9.290026055900338919e-01
9.217353865154174208e-01
9.131529672418243759e-01
9.033231005919293288e-01
8.923209972366833442e-01
8.802282021080701790e-01
8.671314212763598928e-01
8.531213263660883950e-01
8.382913624957555321e-01
8.227365838622993088e-01
8.065525385902451161e-01
7.898342214818145912e-01
7.726751099998927508e-01
7.551662953497297881e-01
7.373957170459184418e-01
7.194475059895995006e-01
7.014014379462805149e-01
6.833324964920246547e-01
6.653105420448849339e-01
6.474000815549020293e-01
6.296601318031207484e-01
6.121441680520978146e-01
5.949001489757490546e-01
5.779706083416129569e-01
5.613928037818933792e-01
5.451989131242234166e-01
5.294162691103190266e-01
5.140676238624138916e-01
4.991714351179401543e-01
4.847421670005929162e-01
4.707905988937873265e-01
4.573241367989929751e-01
4.443471223704242301e-01
4.318611355983375533e-01
4.198652878499848917e-01
4.083565026589165980e-01
3.973297822725432304e-01
3.867784585207981740e-01
3.766944270542671447e-01
3.670683644193393214e-01
