1.262244135102460474e-01
1.275756768853404943e-01
1.290894433413524167e-01
1.307773837408797157e-01
1.326520774908137024e-01
1.347270914026712507e-01
1.370170639403709423e-01
1.395377949599979073e-01
1.423063409977702309e-01
1.453411161001787466e-01
1.486619981111181321e-01
1.522904402313537964e-01
1.562495875418473124e-01
1.605643980298134266e-01
1.652617674696523209e-01
1.703706572843407541e-01
1.759222242399573477e-01
1.819499504996399675e-01
1.884897721756637057e-01
1.955802040612317216e-01
2.032624576883210188e-01
2.115805492357500650e-01
2.205813930939628797e-01
2.303148760719974930e-01
2.408339063012226444e-01
2.521944298455041089e-01
2.644554068676505110e-01
2.776787379314482607e-01
2.919291296481097975e-01
3.072738874253173602e-01
3.237826215776344330e-01
3.415268515549148010e-01
3.605794916046622944e-01
3.810141998911424910e-01
4.029045720602376091e-01
4.263231596058066897e-01
4.513402933344635715e-01
4.780226929494870158e-01
5.064318455237705185e-01
5.366221386804925775e-01
5.686387389470441978e-01
6.025152123027270878e-01
6.382708927055389392e-01
6.759080156230898861e-01
7.154086474977163768e-01
7.567314587139239990e-01
7.998084068949752323e-01
8.445414188779404308e-01
8.907991828351798924e-01
9.384141856853869257e-01
9.871801537125189929e-01
1.036850074297521296e+00
1.087134991575002818e+00
1.137703776053455629e+00
1.188184065036935300e+00
1.238164554414413754e+00
1.287198790824285455e+00
1.334810564951385503e+00
1.380500941586707775e+00
1.423756881482539427e+00
1.464061317239772286e+00
1.500904445701447321e+00
1.533795899638778160e+00
1.562277370314935521e+00
1.585935178847692306e+00
1.604412246877285231e+00
1.617418903145098064e+00
1.624741986927168647e+00
1.626251773140165557e+00
1.621906344698732960e+00
1.611753168750575949e+00
1.595927784738070176e+00
1.574649671463008493e+00
1.548215514151539018e+00
1.516990228238187521e+00
1.481396203609949058e+00
1.441901304009701068e+00
1.399006187728045969e+00
1.353231508156831797e+00
1.305105510368441690e+00
1.255152469516205738e+00
1.203882327106720718e+00
1.151781781218780054e+00
1.099306985218396315e+00
1.046877913869462162e+00
9.948743716257119063e-01
9.436335489998425308e-01
8.934489810063550586e-01
8.445707268559861092e-01
7.972065711191186343e-01
7.515240413483768034e-01
7.076530430260863369e-01
6.656889268874055521e-01
6.256958234761718085e-01
5.877101028182512010e-01
5.517438413424775590e-01
5.177882020756495729e-01
4.858166565492810784e-01
4.557879970349664189e-01
4.276491052554293182e-01
4.013374584452152338e-01
3.767833656005790677e-01
3.539119361402950914e-01
3.326447902607146956e-01
3.129015253160472021e-01
2.946009559082116702e-01
2.776621473402917095e-01
2.620052629609110340e-01
2.475522459593197389e-01
2.342273555828313925e-01
2.219575767238868014e-01
2.106729205137344296e-01
2.003066320828593982e-01
1.907953200970542718e-01
1.820790211213740850e-01
1.741012103519482546e-01
1.668087688218526654e-01
1.601519158537967891e-01
1.540841143114181078e-01
1.485619550975844638e-01
1.435450263619576505e-01
1.389957720072857450e-01
1.348793433180094370e-01
1.311634468678929411e-01
1.278181912868043280e-01
1.248159349714958455e-01
1.221311364024463830e-01
1.197402083700230269e-01
1.176213771104891448e-01
1.157545470984387426e-01
1.141211720304461386e-01
1.127041323592021249e-01
1.114876195928687364e-01
1.104570274562745036e-01
1.095988499148026207e-01
1.089005859849666025e-01
1.083506511946911721e-01
1.079382955086595208e-01
1.076535274975531919e-01
1.074870445027517607e-01
1.074301685284828056e-01
1.074747875802020691e-01
1.076133021600234607e-01
1.078385766263619816e-01
1.081438951248180902e-01
1.085229218000676732e-01
1.089696650035534842e-01
1.094784452186658985e-01
1.100438664334406069e-01
1.106607907002691571e-01
1.113243156324378036e-01
1.120297545982440746e-01
1.127726193847866099e-01
1.135486051151116949e-01
1.143535772140913953e-01
1.151835602300547989e-01
1.160347283307321536e-01
1.169033973033478391e-01
1.177860178997109375e-01
1.186791703777701212e-01
1.195795601013187048e-01
1.204840140692950978e-01
1.213894782554023055e-01
1.222930156475465491e-01
1.231918048848659186e-01
1.240831393978823471e-01
1.249644269645746320e-01
1.258331896019578844e-01
1.266870637190906368e-01
1.275238004633312550e-01
1.283412661972078705e-01
1.291374430484296676e-01
1.299104294804658832e-01
1.306584408357330251e-01
1.313798098078663434e-01
1.320729868038038601e-01
1.327365401605632433e-01
1.333691561856560348e-01
1.339696389941186228e-01
1.345369101191521422e-01
1.350700078774048074e-01
1.355680864739889913e-01
1.360304148364293031e-01
1.364563751708761652e-01
1.368454612380982649e-01
1.371972763509317073e-01
1.375115310990553397e-01
1.377880408110634392e-01
1.380267227678558806e-01
1.382275931852661177e-01
1.383907639875708862e-01
1.385164393970131913e-01
1.386049123676744710e-01
1.386565608948804318e-01
1.386718442337925294e-01
1.386512990628462338e-01
1.385955356292316587e-01
1.385052339146006783e-01
1.383811398596442865e-01
1.382240616860458404e-01
1.380348663536119513e-01
1.378144761890887082e-01
1.375638657213211768e-01
1.372840587550218094e-01
1.369761257125260423e-01
1.366411812695781380e-01
1.362803823074851817e-01
1.358949261999404801e-01
1.354860494485898847e-01
1.350550266770198515e-01
1.346031699884484567e-01
1.341318286880398003e-01
1.336423893666065510e-01
1.331362763385518511e-01
1.326149524234035981e-01
1.320799200572468912e-01
1.315327227179092784e-01
1.309749466459444456e-01
1.304082228424019996e-01
1.298342293240982159e-01
1.292546936176917627e-01
1.286713954753392342e-01
1.280861697970918089e-01
1.275009097484975928e-01
1.269175700660897244e-01
1.263381705485421558e-01
1.257647997372318416e-01
1.251996187966948337e-01
1.246448656129593435e-01
1.241028591358812050e-01
1.235760040003419102e-01
1.230667954703832667e-01
1.225778247599551285e-01
1.221117847938618106e-01
1.216714764825784778e-01
1.212598155948147460e-01
1.208798403218974277e-01
1.205347196381728880e-01
1.202277625715970910e-01
1.199624285084305853e-01
1.197423386654134225e-01
1.195712888719445421e-01
1.194532638135577529e-01
1.193924528963868359e-01
1.193932679002971120e-01
1.194603625959526627e-01
1.195986545082496910e-01
1.198133490153133196e-01
1.201099659785689333e-01
1.204943691053006471e-01
1.209727982504865684e-01
1.215519048695650195e-01
1.222387908379554688e-01
1.230410508565506489e-01
1.239668186647229775e-01
1.250248172834260152e-01
