1.734023766920683718e-02
1.749834271604251701e-02
1.763660339682372735e-02
1.775601371678401513e-02
1.785788547181004632e-02
1.794360105812914385e-02
1.801436795036964744e-02
1.807099577403403767e-02
1.811371613033767314e-02
1.814206290671042943e-02
1.815482664883753816e-02
1.815009078982078583e-02
1.812535047401528376e-02
1.807770696606361693e-02
1.800412298842195280e-02
1.790171767779542844e-02
1.776807506105258783e-02
1.760153772162921515e-02
1.740145805433430254e-02
1.716838319869563520e-02
1.690415599873247576e-02
1.661192240249601687e-02
1.629604458824277305e-02
1.596192770374434480e-02
1.561577543916526159e-02
1.526429497132264154e-02
1.491437470847150476e-02
1.457275869349585612e-02
1.424573978638127986e-02
1.393889037636910494e-02
1.365684500691900782e-02
1.340314454100234587e-02
1.318014682633204988e-02
1.298900452931585174e-02
1.282970699953944922e-02
1.270117968256882432e-02
1.260143165568818752e-02
1.252773930507458319e-02
1.247685209307126779e-02
1.244520501087924801e-02
1.242912199871954934e-02
1.242499567256161695e-02
1.242943134561265948e-02
1.243934757433072524e-02
1.245203099400727167e-02
1.246514942426853872e-02
1.247673325142424801e-02
1.248513994043173696e-02
1.248901926085310699e-02
1.248729674938497958e-02
1.247918981920442816e-02
1.246426502793102076e-02
1.244253712176318638e-02
1.241460179933184804e-02
1.238178613576135234e-02
1.234629471160000880e-02
1.231132686454977643e-02
1.228114179213926627e-02
1.226105351993075909e-02
1.225734640299958045e-02
1.227711268947272172e-02
1.232802523761951374e-02
1.241806915342546364e-02
1.255526450827536278e-02
1.274741743876154493e-02
1.300193843158808926e-02
1.332576467988518670e-02
1.372541882863298479e-02
1.420723035207120677e-02
1.477773953995879103e-02
1.544429888492651615e-02
1.621588362122186600e-02
1.710412302007900676e-02
1.812456723289455895e-02
1.929821116312714635e-02
2.065330705707872638e-02
2.222751120884028375e-02
2.407042741632012262e-02
2.624663077824147817e-02
2.883928041762411076e-02
3.195445919399835660e-02
3.572641279653855639e-02
4.032389970143274160e-02
4.595790600885649169e-02
5.289102132229323017e-02
6.144880540748568626e-02
7.203348547473717445e-02
8.514028637593852589e-02
1.013765747037544962e-01
1.214837420721250755e-01
1.463612945592481784e-01
1.770918654905644374e-01
2.149647156714133978e-01
2.614935961067303971e-01
3.184224800513565934e-01
3.877095007249305447e-01
4.714754352966640250e-01
5.718985274104932959e-01
6.910332995683849955e-01
8.305295105773282671e-01
9.912326149337025161e-01
1.172664713065474595e+00
1.372420784277156525e+00
1.585570862800948388e+00
1.804226994268698592e+00
2.017491068795099096e+00
2.212006219324457401e+00
2.373245588898942326e+00
2.487467661016914633e+00
2.543989849199358666e+00
2.537201541657330139e+00
2.467702526446844402e+00
2.342185682096987520e+00
2.172102220154299879e+00
1.971548845430909580e+00
1.755006211145681005e+00
1.535480882715406725e+00
1.323351263562901003e+00
1.125943077232416378e+00
9.476728931929642163e-01
7.905296484804440471e-01
6.546853891060333552e-01
5.390897590609162737e-01
4.419699811559712477e-01
3.612096993075045726e-01
2.946116062502269761e-01
2.400636933808567297e-01
1.956329537281391862e-01
1.596085163631567050e-01
1.305119749746844748e-01
1.070880867063514347e-01
8.828499318618460157e-02
7.322995835412215992e-02
6.120431382158555977e-02
5.161971065882642318e-02
4.399672739714055592e-02
3.794622510714969199e-02
3.315345035039059252e-02
2.936467569258956190e-02
2.637607154886122129e-02
2.402447841475233159e-02
2.217976518995687374e-02
2.073849732871964335e-02
1.961868474013632457e-02
1.875542523469110601e-02
1.809729978643453974e-02
1.760340837134728720e-02
1.724095893277404271e-02
1.698333774439841903e-02
1.680859861257231330e-02
1.669831297488152608e-02
1.663672509069860986e-02
1.661015803146820638e-02
1.660661845111952375e-02
1.661555194967952870e-02
1.662770643014611222e-02
1.663506786090506590e-02
1.663084059761443106e-02
1.660945202448989300e-02
1.656656791266876427e-02
1.649910993320095887e-02
1.640526989138451144e-02
1.628451651344003936e-02
1.613759039065700354e-02
1.596648158349465302e-02
1.577438313255827632e-02
1.556561300893121065e-02
1.534549740158370514e-02
1.512020997768297528e-02
1.489656486905965339e-02
1.468176536531721511e-02
1.448311514168222625e-02
1.430770369653599702e-02
1.416208186961435272e-02
1.405194627757204266e-02
1.398185281111200169e-02
1.395497876369344858e-02
1.397295070714288379e-02
1.403575110938698467e-02
1.414171129682700867e-02
1.428759221573600025e-02
1.446874812308540648e-02
1.467936241655209972e-02
1.491273981787880065e-02
1.516163547023313685e-02
1.541859947654403151e-02
1.567631511083741880e-02
1.592791033346629970e-02
1.616722513643022163e-02
1.638902131198284595e-02
1.658912606252522376e-02
1.676450599554574206e-02
1.691327302438950381e-02
1.703462812817085892e-02
1.712875250807330968e-02
1.719665822335045280e-02
1.724001182959979117e-02
1.726094491419404714e-02
1.726186485189953879e-02
1.724527776009551761e-02
1.721363370571828144e-02
1.716920188203020781e-02
1.711398088344616431e-02
1.704964648480918055e-02
1.697753658549391864e-02
1.689867031768302330e-02
1.681379586944058147e-02
1.672345949079175054e-02
1.662808661100551380e-02
1.652806517603036193e-02
1.642382136534418363e-02
1.631587884935900568e-02
1.620489468368101205e-02
1.609166766645659524e-02
1.597711825146966649e-02
1.586224255862543620e-02
1.574804625036640982e-02
1.563546665087543752e-02
1.552529314696299290e-02
1.541809641795185981e-02
1.531417634046862430e-02
1.521353660263455310e-02
1.511589137461705201e-02
1.502070614369571677e-02
1.492727139325256136e-02
1.483480453059743409e-02
1.474257263300704501e-02
1.465002638709772542e-02
1.455693416144060448e-02
1.446350452474765014e-02
1.437048570624577248e-02
1.427923147483300959e-02
1.419172466669027521e-02
1.411055208672284955e-02
1.403882769175757161e-02
1.398006472453650062e-02
1.393800161835057061e-02
1.391639074695105727e-02
1.391876307484518627e-02
1.394818502922867687e-02
1.400702602056957957e-02
1.409675560371548286e-02
1.421778805517381894e-02
1.436938910488794185e-02
1.454965489482384911e-02
1.475556735956895515e-02
1.498312373190213709e-02
1.522753146261524027e-02
1.548345420044899834e-02
1.574529019459997015e-02
1.600746196550129063e-02
1.626469551608961117e-02
1.651226866675373217e-02
1.674621103357964991e-02
1.696344233676658209e-02
1.716184067233680888e-02
