2.686969220002429978e-02
2.693218483779008174e-02
2.702405362161212216e-02
2.713965383361579414e-02
2.727357812841590956e-02
2.742090916072811163e-02
2.757741221911561014e-02
2.773965978979290453e-02
2.790508544177806166e-02
2.807196970663815294e-02
2.823936539712173371e-02
2.840697378962871167e-02
2.857498605148448001e-02
2.874390604141624506e-02
2.891437102961588734e-02
2.908698593380348862e-02
2.926218441388483971e-02
2.944012679125806997e-02
2.962064055860091916e-02
2.980320462198493559e-02
2.998697383382764592e-02
3.017083630968059316e-02
3.035349290425926050e-02
3.053354637834293506e-02
3.070958739521634229e-02
3.088026554823530834e-02
3.104433597513611698e-02
3.120067545274607390e-02
3.134826578491822779e-02
3.148614635561708397e-02
3.161334149566608076e-02
3.172877144987795717e-02
3.183115797265601010e-02
3.191893677586676858e-02
3.199018915762524840e-02
3.204260419504184609e-02
3.207348099010198794e-02
3.207977775745851634e-02
3.205821120171381544e-02
3.200540583295580221e-02
3.191808881482519067e-02
3.179332185559716195e-02
3.162875779476265192e-02
3.142290618748519448e-02
3.117538964421699699e-02
3.088717123197069758e-02
3.056073313669427360e-02
3.020018819591650111e-02
2.981130889923250260e-02
2.940146294558892287e-02
2.897945021504223784e-02
2.855524268795529494e-02
2.813963593403720834e-02
2.774382772270981429e-02
2.737894547052279262e-02
2.705554906485180613e-02
2.678313859793367280e-02
2.656969736455273845e-02
2.642129895715923660e-02
2.634180348046359990e-02
2.633266206738438600e-02
2.639284147625561155e-02
2.651887221846771850e-02
2.670501514850518940e-02
2.694353352179196595e-02
2.722505091705576877e-02
2.753897072011449870e-02
2.787393045394239571e-02
2.821826422828589004e-02
2.856044879640137757e-02
2.888951270382730113e-02
2.919539314365512950e-02
2.946923063214573757e-02
2.970359673285114660e-02
2.989265416305388751e-02
3.003225132699737648e-02
3.011995455536879002e-02
3.015502132903018218e-02
3.013831704017119750e-02
3.007217708037785570e-02
2.996021595524922532e-02
2.980708629077970240e-02
2.961819332309351127e-02
2.939937467797235082e-02
2.915656046617440267e-02
2.889543409599887314e-02
2.862111864704375286e-02
2.833791601643814717e-02
2.804912536418102675e-02
2.775696304855318486e-02
2.746259820084090419e-02
2.716630691457266877e-02
2.686773490133353981e-02
2.656624505562699134e-02
2.626131458997649215e-02
2.595293812200161199e-02
2.564198983608112492e-02
2.533050048664398091e-02
2.502181360957544953e-02
2.472059901163958795e-02
2.443271873674879302e-02
2.416495897500325896e-02
2.392465822225320338e-02
2.371927497196679724e-02
2.355594540223554523e-02
2.344108183013271507e-02
2.338005611442511844e-02
2.337699975472079528e-02
2.343473616814067961e-02
2.355484317960329643e-02
2.373782802732082864e-02
2.398338581462158836e-02
2.429070730989181526e-02
2.465880426822604499e-02
2.508682978556014964e-02
2.557438618729161034e-02
2.612183123446918526e-02
2.673061207923230903e-02
2.740367244201079647e-02
2.814598942013523189e-02
2.896530062308398656e-02
2.987307968548949533e-02
3.088580974110971544e-02
3.202659251830280995e-02
3.332711862834186745e-02
3.483001605038408416e-02
3.659159224294181861e-02
3.868499336470260924e-02
4.120382302399741570e-02
4.426629228603579103e-02
4.802000985926287852e-02
5.264756191862433182e-02
5.837306831592742329e-02
6.546992726005165797e-02
7.426996274997363368e-02
8.517415371026057502e-02
9.866503190371567200e-02
1.153206616053785577e-01
1.358298227614062603e-01
1.610075640246332873e-01
1.918096122936982229e-01
2.293431493906767371e-01
2.748701209400816747e-01
3.297974771932037918e-01
3.956465833748293859e-01
4.739916615934778310e-01
5.663550164991519864e-01
6.740459040739097407e-01
7.979318226215323939e-01
9.381380162293400105e-01
1.093685709011001483e+00
1.262103943112190541e+00
1.439083001786752192e+00
1.618272752084025434e+00
1.791352431575279347e+00
1.948488334972351632e+00
2.079232766707377777e+00
2.173798234319362255e+00
2.224493548532380682e+00
2.226994053856249156e+00
2.181104532971000154e+00
2.090791737001639561e+00
1.963477528796938820e+00
1.808801289423221270e+00
1.637187546069012178e+00
1.458550758663658353e+00
1.281361090800818836e+00
1.112149007002026568e+00
9.554043013675477258e-01
8.137573033104714693e-01
6.883155755773844309e-01
5.790500728148721965e-01
4.851595317354678305e-01
4.053756754869283219e-01
3.381972047252910230e-01
2.820560631884542202e-01
2.354268848376211976e-01
1.968926048832723152e-01
1.651783864163806070e-01
1.391639573526455842e-01
1.178821337643229938e-01
1.005091911086360423e-01
8.635100841775071590e-02
7.482757671224909979e-02
6.545748894264687145e-02
5.784334808295436836e-02
5.165857398081490082e-02
4.663579738563362886e-02
4.255685168469014457e-02
3.924427132976341520e-02
3.655415325433685608e-02
3.437021500303862748e-02
3.259887878789574645e-02
3.116521697297122348e-02
3.000960731607945492e-02
2.908496310287709413e-02
2.835442235525336557e-02
2.778940020255740717e-02
2.736792808495639578e-02
2.707322172297824125e-02
2.689243599820972941e-02
2.681557860083293859e-02
2.683456534373248464e-02
2.694240847222143659e-02
2.713253529221362065e-02
2.739823821327820597e-02
2.773225904246839901e-02
2.812651020371464278e-02
2.857193359902446272e-02
2.905849420144361595e-02
2.957530040424810602e-02
3.011083703617675744e-02
3.065329037050887329e-02
3.119093816196488733e-02
3.171257259863702327e-02
3.220792090439122957e-02
3.266802787015565812e-02
3.308556724867323107e-02
3.345505475452231758e-02
3.377294398460417568e-02
3.403759713389487018e-02
3.424913384835659436e-02
3.440917270293619712e-02
3.452048941441443475e-02
3.458662298850501138e-02
3.461146487906407998e-02
3.459886663126438000e-02
3.455229853117053329e-02
3.447458599260910805e-02
3.436774253786922806e-02
3.423290916321686250e-02
3.407040052243220929e-02
3.387984951653519317e-02
3.366043419089750910e-02
3.341116477269173712e-02
3.313120451628018270e-02
3.282019589895428247e-02
3.247856364960217956e-02
3.210776803858805817e-02
3.171048567455853756e-02
3.129070052945978619e-02
3.085369473729492745e-02
3.040593646423479790e-02
2.995487029271340015e-02
2.950862347126663801e-02
2.907564837869185820e-02
2.866432698129823750e-02
2.828256637551941274e-02
2.793741533926149406e-02
2.763473004416452938e-02
2.737891286296351145e-02
2.717274196215435297e-02
2.701730173673006288e-02
2.691201589193122773e-02
2.685477691339456865e-02
2.684215853428111379e-02
