1.734023766920976539e-02
1.749834271604494562e-02
1.763660339682553146e-02
1.775601371678520862e-02
1.785788547181068470e-02
1.794360105812919937e-02
1.801436795036962663e-02
1.807099577403340276e-02
1.811371613033681965e-02
1.814206290670934696e-02
1.815482664883661529e-02
1.815009078981968949e-02
1.812535047401435048e-02
1.807770696606307223e-02
1.800412298842190076e-02
1.790171767779570253e-02
1.776807506105328519e-02
1.760153772163047109e-02
1.740145805433545786e-02
1.716838319869679053e-02
1.690415599873385660e-02
1.661192240249761282e-02
1.629604458824434471e-02
1.596192770374538217e-02
1.561577543916633018e-02
1.526429497132347074e-02
1.491437470847202518e-02
1.457275869349590469e-02
1.424573978638108557e-02
1.393889037636858452e-02
1.365684500691806413e-02
1.340314454100130503e-02
1.318014682633097956e-02
1.298900452931463223e-02
1.282970699953814298e-02
1.270117968256734287e-02
1.260143165568661239e-02
1.252773930507275479e-02
1.247685209306909071e-02
1.244520501087714726e-02
1.242912199871770706e-02
1.242499567256011295e-02
1.242943134561169671e-02
1.243934757432973992e-02
1.245203099400649105e-02
1.246514942426812933e-02
1.247673325142406586e-02
1.248513994043187747e-02
1.248901926085366210e-02
1.248729674938597878e-02
1.247918981920514980e-02
1.246426502793163138e-02
1.244253712176368598e-02
1.241460179933195906e-02
1.238178613576165765e-02
1.234629471159998104e-02
1.231132686454974867e-02
1.228114179213912749e-02
1.226105351993082848e-02
1.225734640299999678e-02
1.227711268947294376e-02
1.232802523762002722e-02
1.241806915342617834e-02
1.255526450827634810e-02
1.274741743876264821e-02
1.300193843158976847e-02
1.332576467988726837e-02
1.372541882863517054e-02
1.420723035207343415e-02
1.477773953996119709e-02
1.544429888492917027e-02
1.621588362122427379e-02
1.710412302008111271e-02
1.812456723289660593e-02
1.929821116312917598e-02
2.065330705708031539e-02
2.222751120884221623e-02
2.407042741632142019e-02
2.624663077824276533e-02
2.883928041762521405e-02
3.195445919399908519e-02
3.572641279653901436e-02
4.032389970143314406e-02
4.595790600885679700e-02
5.289102132229366732e-02
6.144880540748559605e-02
7.203348547473703567e-02
8.514028637593815119e-02
1.013765747037537190e-01
1.214837420721236599e-01
1.463612945592461523e-01
1.770918654905613288e-01
2.149647156714093454e-01
2.614935961067250125e-01
3.184224800513500431e-01
3.877095007249224956e-01
4.714754352966543660e-01
5.718985274104820826e-01
6.910332995683721169e-01
8.305295105773142783e-01
9.912326149336873060e-01
1.172664713065458608e+00
1.372420784277140315e+00
1.585570862800932179e+00
1.804226994268683271e+00
2.017491068795085774e+00
2.212006219324446299e+00
2.373245588898934777e+00
2.487467661016911524e+00
2.543989849199360442e+00
2.537201541657336801e+00
2.467702526446855060e+00
2.342185682097001287e+00
2.172102220154314978e+00
1.971548845430925123e+00
1.755006211145696549e+00
1.535480882715421824e+00
1.323351263562914770e+00
1.125943077232428147e+00
9.476728931929743194e-01
7.905296484804522628e-01
6.546853891060402386e-01
5.390897590609217138e-01
4.419699811559755220e-01
3.612096993075081253e-01
2.946116062502295296e-01
2.400636933808585893e-01
1.956329537281403241e-01
1.596085163631574266e-01
1.305119749746848912e-01
1.070880867063517677e-01
8.828499318618523994e-02
7.322995835412282606e-02
6.120431382158637856e-02
5.161971065882723503e-02
4.399672739714168002e-02
3.794622510715096181e-02
3.315345035039191091e-02
2.936467569259139376e-02
2.637607154886368460e-02
2.402447841475460408e-02
2.217976518995921562e-02
2.073849732872175625e-02
1.961868474013797950e-02
1.875542523469253889e-02
1.809729978643551118e-02
1.760340837134830375e-02
1.724095893277477476e-02
1.698333774439875904e-02
1.680859861257255616e-02
1.669831297488144628e-02
1.663672509069846761e-02
1.661015803146779699e-02
1.660661845111897211e-02
1.661555194967916094e-02
1.662770643014607752e-02
1.663506786090499651e-02
1.663084059761413269e-02
1.660945202448972646e-02
1.656656791266841733e-02
1.649910993320072294e-02
1.640526989138428593e-02
1.628451651343995610e-02
1.613759039065698619e-02
1.596648158349445179e-02
1.577438313255788427e-02
1.556561300893094524e-02
1.534549740158336339e-02
1.512020997768270814e-02
1.489656486905915900e-02
1.468176536531640153e-02
1.448311514168121317e-02
1.430770369653500129e-02
1.416208186961276372e-02
1.405194627757000436e-02
1.398185281110964073e-02
1.395497876369133916e-02
1.397295070714055232e-02
1.403575110938459769e-02
1.414171129682439965e-02
1.428759221573316918e-02
1.446874812308263092e-02
1.467936241654901885e-02
1.491273981787577529e-02
1.516163547022994496e-02
1.541859947654111718e-02
1.567631511083435181e-02
1.592791033346366292e-02
1.616722513642802894e-02
1.638902131198127776e-02
1.658912606252410660e-02
1.676450599554492327e-02
1.691327302438933033e-02
1.703462812817087280e-02
1.712875250807358724e-02
1.719665822335090383e-02
1.724001182960061690e-02
1.726094491419506716e-02
1.726186485190064554e-02
1.724527776009656538e-02
1.721363370571914533e-02
1.716920188203092251e-02
1.711398088344666737e-02
1.704964648480972178e-02
1.697753658549453273e-02
1.689867031768337025e-02
1.681379586944111923e-02
1.672345949079204891e-02
1.662808661100599258e-02
1.652806517603057010e-02
1.642382136534427037e-02
1.631587884935914792e-02
1.620489468368129654e-02
1.609166766645661606e-02
1.597711825147008630e-02
1.586224255862592192e-02
1.574804625036679145e-02
1.563546665087607590e-02
1.552529314696357576e-02
1.541809641795251207e-02
1.531417634046923493e-02
1.521353660263474739e-02
1.511589137461716303e-02
1.502070614369577228e-02
1.492727139325192298e-02
1.483480453059671245e-02
1.474257263300604581e-02
1.465002638709650418e-02
1.455693416143899466e-02
1.446350452474587378e-02
1.437048570624388510e-02
1.427923147483090016e-02
1.419172466668838783e-02
1.411055208672062911e-02
1.403882769175557321e-02
1.398006472453516835e-02
1.393800161834901630e-02
1.391639074694972500e-02
1.391876307484407604e-02
1.394818502922778869e-02
1.400702602056869139e-02
1.409675560371526082e-02
1.421778805517437405e-02
1.436938910488883003e-02
1.454965489482484831e-02
1.475556735957073151e-02
1.498312373190446856e-02
1.522753146261807133e-02
1.548345420045232901e-02
1.574529019460341184e-02
1.600746196550473233e-02
1.626469551609308062e-02
1.651226866675692406e-02
1.674621103358331364e-02
1.696344233676994051e-02
1.716184067234011179e-02
