3.578899277935526646e-01
3.491479375003232466e-01
3.408305426633457813e-01
3.329253705526136198e-01
3.254196603213128092e-01
3.183003819416230229e-01
3.115543412227277376e-01
3.051682718411835582e-01
2.991289153368439369e-01
2.934230900309668932e-01
2.880377498107489220e-01
2.829600336996553889e-01
2.781773070984587815e-01
2.736771955403716206e-01
2.694476117571821261e-01
2.654767768036523368e-01
2.617532359360896232e-01
2.582658698891492355e-01
2.550039021435136499e-01
2.519569027268747652e-01
2.491147890421648858e-01
2.464678241706899642e-01
2.440066130539375600e-01
2.417220969166257172e-01
2.396055462550423787e-01
2.376485526789899883e-01
2.358430198626321195e-01
2.341811538292014605e-01
2.326554527667411554e-01
2.312586965467379463e-01
2.299839360944909705e-01
2.288244827392340586e-01
2.277738976532167614e-01
2.268259814720378631e-01
2.259747641733224066e-01
2.252144952772445752e-01
2.245396344202514882e-01
2.239448423425361989e-01
2.234249723201945370e-01
2.229750620644951054e-01
2.225903261031603464e-01
2.222661486519337815e-01
2.219980769788822972e-01
2.217818152587777425e-01
2.216132189104650096e-01
2.214882894062575325e-01
2.214031695390807908e-01
2.213541391302302208e-01
2.213376111581901728e-01
2.213501282869411724e-01
2.213883597705011419e-01
2.214490987091062291e-01
2.215292596313773732e-01
2.216258763760443617e-01
2.217361002462585051e-01
2.218571984092404525e-01
2.219865525139084195e-01
2.221216574992695425e-01
2.222601205666432933e-01
2.223996602892899244e-01
2.225381058336453610e-01
2.226733962671889611e-01
2.228035799289123653e-01
2.229268138394537302e-01
2.230413631291854049e-01
2.231456004638747714e-01
2.232380054490112342e-01
2.233171639954206755e-01
2.233817676304639122e-01
2.234306127408219877e-01
2.234625997346894044e-01
2.234767321130467499e-01
2.234721154416040578e-01
2.234479562169429112e-01
2.234035606223703230e-01
2.233383331709744013e-01
2.232517752353515572e-01
2.231434834654598132e-01
2.230131480979813396e-01
2.228605511624887070e-01
2.226855645915608584e-01
2.224881482437772173e-01
2.222683478502375243e-01
2.220262928968615990e-01
2.217621944562646330e-01
2.214763429844015530e-01
2.211691060984782298e-01
2.208409263537984557e-01
2.204923190382481468e-01
2.201238700040227259e-01
2.197362335569518765e-01
2.193301304244034133e-01
2.189063458231864101e-01
2.184657276492133759e-01
2.180091848108363095e-01
2.175376857277956100e-01
2.170522570176146582e-01
2.165539823910071493e-01
2.160440017775012989e-01
2.155235107019635443e-01
2.149937599321105341e-01
2.144560554163592592e-01
2.139117585305730929e-01
2.133622866513532335e-01
2.128091140725692776e-01
2.122537732807948108e-01
2.116978566042453380e-01
2.111430182487060436e-01
2.105909767328058846e-01
2.100435177338482173e-01
2.095024973542579105e-01
2.089698458175522910e-01
2.084475716016164770e-01
2.079377660159303365e-01
2.074426082283090944e-01
2.069643707456198245e-01
2.065054253518947835e-01
2.060682495061980368e-01
2.056554332015658737e-01
2.052696862852961268e-01
2.049138462397841753e-01
2.045908864219938283e-01
2.043039247584726714e-01
2.040562328915361823e-01
2.038512457708383518e-01
2.036925716829537103e-01
2.035840027097811922e-01
2.035295256044856171e-01
2.035333330712577327e-01
2.035998354323178272e-01
2.037336726622517302e-01
2.039397267658388246e-01
2.042231344709489194e-01
2.045893002026975271e-01
2.050439092987996759e-01
2.055929414187722959e-01
2.062426840912156834e-01
2.069997463336889776e-01
2.078710722685494783e-01
2.088639546453754658e-01
2.099860481660960065e-01
2.112453824925215884e-01
2.126503747974360092e-01
2.142098416996154331e-01
2.159330103998894912e-01
2.178295288095140614e-01
2.199094744335159113e-01
2.221833617401746952e-01
2.246621477133256273e-01
2.273572352466199098e-01
2.302804739982626803e-01
2.334441582810984350e-01
2.368610215163534927e-01
2.405442267301048098e-01
2.445073525199472908e-01
2.487643738658741333e-01
2.533296371047194517e-01
2.582178283324736423e-01
2.634439344444811093e-01
2.690231959712998111e-01
2.749710508195016834e-01
2.813030679839303994e-01
2.880348702632506974e-01
2.951820449868322038e-01
3.027600417512943398e-01
3.107840561730704776e-01
3.192688986932643580e-01
3.282288475274083295e-01
3.376774849405056456e-01
3.476275161522623391e-01
3.580905703442800458e-01
3.690769834558959017e-01
3.805955627239426819e-01
3.926533332492783135e-01
4.052552672641662190e-01
4.184039972331854429e-01
4.320995144485242356e-01
4.463388553785896939e-01
4.611157786946080694e-01
4.764204366280185843e-01
4.922390450928892935e-01
5.085535578289492875e-01
5.253413506638668906e-01
5.425749228345171371e-01
5.602216231170009664e-01
5.782434092593393693e-01
5.965966498489845282e-01
6.152319782349283672e-01
6.340942084131435674e-01
6.531223228245712775e-01
6.722495417575536925e-01
6.914034834454796385e-01
7.105064229659585617e-01
7.294756566506734874e-01
7.482239768897316345e-01
7.666602599629854797e-01
7.846901668765724480e-01
8.022169541725986397e-01
8.191423883854017651e-01
8.353677543364633751e-01
8.507949439128000835e-01
8.653276085017693742e-01
8.788723550146144703e-01
8.913399625849338648e-01
9.026465947381521193e-01
9.127149802436917980e-01
9.214755351104799708e-01
9.288673983638325860e-01
9.348393554018745721e-01
9.393506248790124413e-01
9.423714881577822666e-01
9.438837443123777593e-01
9.438809783128572217e-01
9.423686351829791974e-01
9.393638983906951179e-01
9.348953762641959431e-01
9.290026055900075797e-01
9.217353865153898873e-01
9.131529672417961763e-01
9.033231005919002410e-01
8.923209972366534792e-01
8.802282021080398700e-01
8.671314212763294726e-01
8.531213263660577528e-01
8.382913624957250009e-01
8.227365838622688887e-01
8.065525385902149180e-01
7.898342214817846152e-01
7.726751099998634409e-01
7.551662953497011443e-01
7.373957170458904642e-01
7.194475059895720781e-01
7.014014379462540916e-01
6.833324964919991196e-01
6.653105420448603979e-01
6.474000815548782706e-01
6.296601318030979888e-01
6.121441680520762763e-01
5.949001489757286265e-01
5.779706083415936391e-01
5.613928037818751715e-01
5.451989131242063191e-01
5.294162691103030394e-01
5.140676238623991257e-01
4.991714351179262765e-01
4.847421670005803152e-01
4.707905988937757247e-01
4.573241367989823170e-01
4.443471223704145157e-01
4.318611355983288380e-01
4.198652878499771202e-01
4.083565026589096592e-01
3.973297822725372352e-01
3.867784585207931780e-01
3.766944270542628148e-01
3.670683644193359907e-01
