1.126565818846552158e-01
1.127878612040041917e-01
1.129519752528390653e-01
1.131481812146543087e-01
1.133757189697357504e-01
1.136338133584821053e-01
1.139216766780403178e-01
1.142385113869587299e-01
1.145835129929091423e-01
1.149558730989166389e-01
1.153547825840123275e-01
1.157794348947386309e-01
1.162290294245771349e-01
1.167027749590662244e-01
1.171998931651951903e-01
1.177196221045802016e-01
1.182612197509572693e-01
1.188239674936780732e-01
1.194071736101610659e-01
1.200101766916426005e-01
1.206323490080792871e-01
1.212730997996956939e-01
1.219318784844112269e-01
1.226081777722616284e-01
1.233015366799007362e-01
1.240115434403569195e-01
1.247378383054112971e-01
1.254801162402290338e-01
1.262381295122506630e-01
1.270116901787804453e-01
1.278006724802142613e-01
1.286050151484097182e-01
1.294247236423062830e-01
1.302598723255516955e-01
1.311106066035521156e-01
1.319771450400586410e-01
1.328597814760927309e-01
1.337588871767066978e-01
1.346749130337565048e-01
1.356083918555300305e-01
1.365599407767061901e-01
1.375302638247301590e-01
1.385201546812473428e-01
1.395304996797611941e-01
1.405622810831427816e-01
1.416165806870335331e-01
1.426945837975271414e-01
1.437975836338014624e-01
1.449269862085827421e-01
1.460843157414570825e-01
1.472712206620981346e-01
1.484894802624426302e-01
1.497410120587087667e-01
1.510278799259104354e-01
1.523523030691469882e-01
1.537166658974488676e-01
1.551235288672857815e-01
1.565756403639917138e-01
1.580759496902833794e-01
1.596276212317150334e-01
1.612340498692621249e-01
1.628988777092089113e-01
1.646260122000499371e-01
1.664196457051161926e-01
1.682842765979926380e-01
1.702247319453921159e-01
1.722461918388082380e-01
1.743542154318510617e-01
1.765547687344192207e-01
1.788542542075732544e-01
1.812595421938173468e-01
1.837780042061825103e-01
1.864175480856017919e-01
1.891866550191594887e-01
1.920944183913535497e-01
1.951505844159724945e-01
1.983655944668451521e-01
2.017506289908942430e-01
2.053176528456983618e-01
2.090794618552650475e-01
2.130497303208646054e-01
2.172430591574406877e-01
2.216750242490639899e-01
2.263622245277890910e-01
2.313223291776680124e-01
2.365741232481159417e-01
2.421375508267557819e-01
2.480337547697597511e-01
2.542851118160917578e-01
2.609152617195599211e-01
2.679491288180717579e-01
2.754129342221268706e-01
2.833341965440369092e-01
2.917417188059439059e-01
3.006655588595956718e-01
3.101369803263763769e-01
3.201883807260296200e-01
3.308531931124724101e-01
3.421657571828669586e-01
3.541611554821983976e-01
3.668750100036604067e-01
3.803432342025222512e-01
3.946017352194034489e-01
4.096860609742510873e-01
4.256309867761053911e-01
4.424700362326114966e-01
4.602349315791449680e-01
4.789549691274160304e-01
4.986563164087494671e-01
5.193612288121869369e-01
5.410871851471399374e-01
5.638459436475896647e-01
5.876425225266534991e-01
6.124741123225203587e-01
6.383289309676326573e-01
6.651850367561624733e-01
6.930091191408298545e-01
7.217552924776511336e-01
7.513639233243660787e-01
7.817605274947387883e-01
8.128547785220793243e-01
8.445396741700388343e-01
8.766909117617891489e-01
9.091665259401924271e-01
9.418068435439317376e-01
9.744348090992965838e-01
1.006856730520527154e+00
1.038863487589201551e+00
1.070232235371892715e+00
1.100728620837822191e+00
1.130109513684951494e+00
1.158126232176061254e+00
1.184528222326421076e+00
1.209067125074017479e+00
1.231501142378473190e+00
1.251599591025188030e+00
1.269147513862892040e+00
1.283950203873136742e+00
1.295837488301962548e+00
1.304667619214050056e+00
1.310330623949768514e+00
1.312750984213510996e+00
1.311889535420328157e+00
1.307744507383736154e+00
1.300351661794775016e+00
1.289783519147909008e+00
1.276147705487571837e+00
1.259584485206551419e+00
1.240263577912724458e+00
1.218380383236499220e+00
1.194151756024360411e+00
1.167811484898116481e+00
1.139605629524952146e+00
1.109787866601317674e+00
1.078614982467249739e+00
1.046342632773637815e+00
1.013221468284513982e+00
9.794937023439077572e-01
9.453901713422185882e-01
9.111279160746705852e-01
8.769082903348084379e-01
8.429155842727709125e-01
8.093161345079551428e-01
7.762578809656150991e-01
7.438703219016586932e-01
7.122648133818118010e-01
6.815351572355339282e-01
6.517584217636498423e-01
6.229959417494217444e-01
5.952944481099748941e-01
5.686872823605175764e-01
5.431956565288358352e-01
5.188299248954040266e-01
4.955908396560592122e-01
4.734707680876613645e-01
4.524548538833390587e-01
4.325221099090203469e-01
4.136464336600218505e-01
3.957975401461992226e-01
3.789418098161809190e-01
3.630430514760374927e-01
3.480631820099223117e-01
3.339628261225366934e-01
3.207018403521893490e-01
3.082397663054716741e-01
2.965362184945590229e-01
2.855512123663996871e-01
2.752454381450865073e-01
2.655804860046407923e-01
2.565190278837878313e-01
2.480249609762652796e-01
2.400635176039042085e-01
2.326013458247520316e-01
2.256065647604242885e-01
2.190487982577415393e-01
2.128991901386105001e-01
2.071304039456568491e-01
2.017166097638721511e-01
1.966334603934242198e-01
1.918580588674180243e-01
1.873689190513942449e-01
1.831459208285604601e-01
1.791702611654710786e-01
1.754244021659692732e-01
1.718920170553568938e-01
1.685579348903943897e-01
1.654080846622963952e-01
1.624294393477309084e-01
1.596099603653950982e-01
1.569385428114823400e-01
1.544049617748532444e-01
1.519998199706249498e-01
1.497144968779708651e-01
1.475410995230422295e-01
1.454724150100680513e-01
1.435018648719276202e-01
1.416234612850301167e-01
1.398317651714068577e-01
1.381218461929245855e-01
1.364892446278559712e-01
1.349299351082375586e-01
1.334402921870394276e-01
1.320170576968260068e-01
1.306573098559337121e-01
1.293584340740092653e-01
1.281180954057300203e-01
1.269342125995325254e-01
1.258049336869646873e-01
1.247286130577592578e-01
1.237037899657212892e-01
1.227291684109739489e-01
1.218035983448669535e-01
1.209260581449141392e-01
1.200956383083378043e-01
1.193115263142028037e-01
1.185729926055783534e-01
1.178793776447210617e-01
1.172300799958205242e-01
1.166245453914293573e-01
1.160622567402272987e-01
1.155427250352920598e-01
1.150654811234844144e-01
1.146300682979605190e-01
1.142360356771209839e-01
1.138829323345563194e-01
1.135703021456788142e-01
1.132976793178094854e-01
1.130645845714399744e-01
1.128705219412868832e-01
1.127149761665302563e-01
1.125974106403558328e-01
1.125172658895223776e-01
1.124739585552517185e-01
1.124668808471945836e-01
1.124954004426631515e-01
1.125588608036721117e-01
