2.833614355492086734e-02
2.825931348035498614e-02
2.818355991705884245e-02
2.810864033779875149e-02
2.803451341971513466e-02
2.796136173463920072e-02
2.788961052261682005e-02
2.781994347836383441e-02
2.775331766620878216e-02
2.769098099054789763e-02
2.763449697586478626e-02
2.758578284404802905e-02
2.754716792516638535e-02
2.752148024017997407e-02
2.751216963128309129e-02
2.752347611747810174e-02
2.756065230090359169e-02
2.763024877559871334e-02
2.774047177440473744e-02
2.790162295347531352e-02
2.812663251501534845e-02
2.843169909271341111e-02
2.883705327285698838e-02
2.936786660007337235e-02
3.005533470074950309e-02
3.093797197793884957e-02
3.206316632980266146e-02
3.348905553656231215e-02
3.528680221190128030e-02
3.754336120985643510e-02
4.036485159977173942e-02
4.388066398583001515e-02
4.824845184554839989e-02
5.366017071905105490e-02
6.034933813649204920e-02
6.859968440009486801e-02
7.875534031008790681e-02
9.123264787640431028e-02
1.065335621338608929e-01
1.252604057345810817e-01
1.481314021995375207e-01
1.759958968822743497e-01
2.098474153188163993e-01
2.508316401584661515e-01
3.002449509138304107e-01
3.595173391937619423e-01
4.301713443740030063e-01
5.137463890199632788e-01
6.116761057471472585e-01
7.251060656346557387e-01
8.546426090307273071e-01
1.000032789478686013e+00
1.159793360965314601e+00
1.330834370856955218e+00
1.508157458686209651e+00
1.684741086176405167e+00
1.851737814967800766e+00
1.999081479097300162e+00
2.116519781496058794e+00
2.194956958050284790e+00
2.227850965437698783e+00
2.212325326764276401e+00
2.149686178929593794e+00
2.045190399123035352e+00
1.907133563014713706e+00
1.745519348532483583e+00
1.570655120777823877e+00
1.391974267281636868e+00
1.217258403669726041e+00
1.052290260747765771e+00
9.008635782785765489e-01
7.650286978159741569e-01
6.454528929736881304e-01
5.418019613720546079e-01
4.530847736173632123e-01
3.779332131421313523e-01
3.148114884179931683e-01
2.621612023596801566e-01
2.184940075568719275e-01
1.824447124262338349e-01
1.527964174209072434e-01
1.284870559667177226e-01
1.086044001102136752e-01
9.237455442556827268e-02
7.914733690379062436e-02
6.838073115263759716e-02
5.962573053135275525e-02
5.251230590021524480e-02
4.673684291498325649e-02
4.205115299495126857e-02
3.825301875414935382e-02
3.517815661345902178e-02
3.269344317315234227e-02
3.069124179216281556e-02
2.908467107261406004e-02
2.780367063766270297e-02
2.679173723723397155e-02
2.600322296425160856e-02
2.540110541794365212e-02
2.495515591425629884e-02
2.464044569817418900e-02
2.443614128920547010e-02
2.432454859049800605e-02
2.429037143273484259e-02
2.432015419541341122e-02
2.440188055922598923e-02
2.452470186404035607e-02
2.467876954473069082e-02
2.485514719323885652e-02
2.504577933020411470e-02
2.524349618378791266e-02
2.544203671041744136e-02
2.563607562650833949e-02
2.582124408935426718e-02
2.599413752173667519e-02
2.615230754927781037e-02
2.629423778681559687e-02
2.641930504552093828e-02
2.652772835165630866e-02
2.662050804202508933e-02
2.669935634648833850e-02
2.676661961043057258e-02
2.682519103168165553e-02
2.687841186127393547e-02
2.692995874896129613e-02
2.698371548300598083e-02
2.704362880434102792e-02
2.711355012945457221e-02
2.719706761125395555e-02
2.729733561710528944e-02
2.741691097884341177e-02
2.755760686464264753e-02
2.772037551825984325e-02
2.790523022774243911e-02
2.811121471452801557e-02
2.833642484401169281e-02
2.857808347785958936e-02
2.883266486091518033e-02
2.909606066377246059e-02
2.936377617931992812e-02
2.963114261696082885e-02
2.989353024215191112e-02
3.014654739665503097e-02
3.038621215323100699e-02
3.060908628663174674e-02
3.081236502520250803e-02
3.099392024375037524e-02
3.115229890190621131e-02
3.128668218947011637e-02
3.139681366237158378e-02
3.148290641286391467e-02
3.154553992858324940e-02
3.158555680891894646e-02
3.160396809452598044e-02
3.160187388301083367e-02
3.158040345142301697e-02
3.154067658676673602e-02
3.148378550663524789e-02
3.141079483784173232e-02
3.132275573843318339e-02
3.122072944485191487e-02
3.110581527802951801e-02
3.097917837376309297e-02
3.084207300632887255e-02
3.069585823238768149e-02
3.054200358467708959e-02
3.038208360051928431e-02
3.021776101076798643e-02
3.005075939380564415e-02
2.988282698469224563e-02
2.971569409603613821e-02
2.955102722764024747e-02
2.939038338330260403e-02
2.923516833562653239e-02
2.908660254143041746e-02
2.894569807559102537e-02
2.881324930070150447e-02
2.868983903135785551e-02
2.857586072735468496e-02
2.847155583929750211e-02
2.837706394773842344e-02
2.829248192355315883e-02
2.821792714533633006e-02
2.815359898563829510e-02
2.809983244368852162e-02
2.805713803738796308e-02
2.802622289598266647e-02
2.800798937845683234e-02
2.800350938027462711e-02
2.801397462693877571e-02
2.804062549069397114e-02
2.808466298999823252e-02
2.814715042532411893e-02
2.822891237978009116e-02
2.833043942502988521e-02
2.845180674000280518e-02
2.859261396179690884e-02
2.875195200916602634e-02
2.892840048244699203e-02
2.912005674012457801e-02
2.932459511049312351e-02
2.953935216259434560e-02
2.976143177141959972e-02
2.998782207445985226e-02
3.021551548393935915e-02
3.044162277765101454e-02
3.066347295073895696e-02
3.087869190321453072e-02
3.108525502522321848e-02
3.128151112998232841e-02
3.146617774302649939e-02
3.163831024395119540e-02
3.179724954373445989e-02
3.194255467251916336e-02
3.207392770847142249e-02
3.219113882248106351e-02
3.229395884082064683e-02
3.238210570073613015e-02
3.245520961277545413e-02
3.251279981236743222e-02
3.255431367110742102e-02
3.257912684113645208e-02
3.258660120778519853e-02
3.257614588278845424e-02
3.254728540005682319e-02
3.249972874883983592e-02
3.243343291626066965e-02
3.234865518557893116e-02
3.224598947786928155e-02
3.212638342730060603e-02
3.199113451251035106e-02
3.184186528299766394e-02
3.168047937197589897e-02
3.150910143737650770e-02
3.133000530336330774e-02
3.114553529941001611e-02
3.095802606489523462e-02
3.076972589947537043e-02
3.058272813210723834e-02
3.039891403334388925e-02
3.021990961726438163e-02
3.004705740203411635e-02
2.988140295812081321e-02
2.972369499691842470e-02
2.957439694124110174e-02
2.943370743713001614e-02
2.930158713353268191e-02
2.917778924674341648e-02
2.906189187308028804e-02
2.895333061886597170e-02
2.885143076874555068e-02
2.875543880102493163e-02
2.866455349003784250e-02
2.857795705116856350e-02
2.849484676614138720e-02
2.841446730029331680e-02
