6.122623476313675261e-02
5.971770809804874403e-02
5.850102541899790398e-02
5.752857936321049970e-02
5.676063428122901655e-02
5.616402804963920026e-02
5.571106232332805053e-02
5.537855483698210513e-02
5.514703238232436522e-02
5.500004712216235991e-02
5.492360196107432674e-02
5.490567286466019326e-02
5.493581744810506484e-02
5.500486001220011856e-02
5.510464366945297399e-02
5.522784044240497403e-02
5.536781037566718133e-02
5.551850089718668446e-02
5.567437797473365202e-02
5.583038109091359447e-02
5.598189472707337799e-02
5.612472990410435902e-02
5.625511036047781133e-02
5.636965912642077914e-02
5.646538253926652873e-02
5.653965009023437238e-02
5.659016983826459235e-02
5.661496040169772259e-02
5.661232166231672247e-02
5.658080719937946812e-02
5.651920202307797458e-02
5.642650931523718327e-02
5.630194954903447457e-02
5.614497452324090226e-02
5.595529753180347732e-02
5.573293917477738918e-02
5.547828633870905551e-02
5.519215982355359790e-02
5.487588419711416504e-02
5.453135196019909259e-02
5.416107323578491645e-02
5.376820213817479210e-02
5.335653184388717413e-02
5.293045218824968950e-02
5.249486625490062258e-02
5.205506570659389903e-02
5.161656823042016368e-02
5.118492408246645003e-02
5.076550193756530771e-02
5.036326672367493623e-02
4.998256355962547859e-02
4.962692213665632901e-02
4.929889483615781942e-02
4.899993964599784479e-02
4.873035574474992443e-02
4.848927579182070458e-02
4.827471488282829293e-02
4.808367221269879699e-02
4.791227811055884939e-02
4.775597656942000280e-02
4.760973187606677703e-02
4.746824750710354479e-02
4.732618601841220851e-02
4.717838002557483978e-02
4.702002627928592027e-02
4.684685697216729727e-02
4.665528447140061818e-02
4.644251740893326486e-02
4.620664731924753466e-02
4.594670574187535717e-02
4.566269195745049914e-02
4.535557144811598607e-02
4.502724497072861654e-02
4.468048802826224408e-02
4.431886072039008251e-02
4.394658858497188514e-02
4.356841615474271734e-02
4.318943649293990883e-02
4.281490178705951721e-02
4.245002194661864903e-02
4.209975980467317580e-02
4.176863270221015112e-02
4.146053072181349330e-02
4.117856149405851873e-02
4.092493029140831240e-02
4.070086212481427435e-02
4.050656994401635735e-02
4.034127006754784084e-02
4.020324292922272669e-02
4.008993442332031698e-02
3.999809082237171243e-02
3.992391862071176245e-02
3.986325982319893768e-02
3.981177315184647458e-02
3.976511229166090899e-02
3.971909347704249971e-02
3.966984622564073693e-02
3.961394264281481448e-02
3.954850225581563183e-02
3.947127065135702662e-02
3.938067120831878487e-02
3.927582993414902024e-02
3.915657388665488847e-02
3.902340399446441177e-02
3.887744340173387991e-02
3.872036287149444034e-02
3.855428537220489948e-02
3.838167277944140587e-02
3.820519862644247699e-02
3.802761195276369022e-02
3.785159840115093210e-02
3.767964564056161536e-02
3.751392078253532048e-02
3.735616756034335073e-02
3.720763054625517152e-02
3.706901253938407054e-02
3.694046947986013435e-02
3.682164491977569371e-02
3.671174335794529647e-02
3.660963882759459692e-02
3.651401225256113714e-02
3.642350851121708977e-02
3.633690211141599180e-02
3.625325909528648305e-02
3.617208241752006836e-02
3.609342866290997376e-02
3.601798559501939029e-02
3.594710257845959434e-02
3.588276922897588872e-02
3.582754148085529056e-02
3.578441832538867273e-02
3.575667643843392918e-02
3.574767344414644943e-02
3.576063334355834844e-02
3.579842941149601054e-02
3.586338045263952334e-02
3.595707562542264923e-02
3.608024111914090448e-02
3.623265894467644216e-02
3.641314421403110679e-02
3.661958286147899699e-02
3.684902717563459662e-02
3.709784216103892418e-02
3.736189200436421110e-02
3.763675310250724770e-02
3.791793844927893176e-02
3.820111779658350026e-02
3.848231890727427107e-02
3.875809728413892596e-02
3.902566477210209217e-02
3.928297108825429262e-02
3.952873628892572544e-02
3.976243607573942684e-02
3.998424533930439173e-02
4.019494816218383004e-02
4.039582445443151704e-02
4.058852437194665486e-02
4.077494166417078292e-02
4.095709619775761423e-02
4.113703426641335259e-02
4.131675313737656619e-02
4.149815384440497940e-02
4.168302376240587415e-02
4.187304821864002574e-02
4.206984850193667275e-02
4.227504226742843235e-02
4.249032158632585349e-02
4.271754378686565268e-02
4.295883074848708821e-02
4.321667337548040777e-02
4.349403948334425868e-02
4.379448515447092322e-02
4.412227162662258478e-02
4.448249184277919960e-02
4.488121280985201550e-02
4.532564181349191951e-02
4.582432628283869547e-02
4.638739870134681725e-02
4.702687946881096981e-02
4.775705212356722018e-02
4.859492694888212228e-02
4.956081084554851690e-02
5.067900358565480962e-02
5.197864328536140610e-02
5.349472722691890614e-02
5.526933804662256811e-02
5.735310973355086522e-02
5.980697269802330573e-02
6.270422207461288922e-02
6.613295794021284424e-02
7.019894951073446521e-02
7.502897652251883098e-02
8.077469828218830639e-02
8.761709193191517808e-02
9.577148297209346628e-02
1.054931582963093695e-01
1.170834984254543465e-01
1.308964825356495054e-01
1.473452958650630085e-01
1.669085899413706442e-01
1.901356951452708444e-01
2.176497448482397346e-01
2.501472257719617454e-01
2.883919147730563681e-01
3.332005136133475709e-01
3.854166057439144533e-01
4.458689538228722826e-01
5.153098527651837069e-01
5.943295988489061266e-01
6.832446204205993023e-01
7.819600322940150061e-01
8.898128817030246385e-01
1.005410386368657871e+00
1.126487492801557799e+00
1.249818272839601674e+00
1.371222543698879415e+00
1.485707784971721290e+00
1.587772111050449242e+00
1.671864585861972952e+00
1.732958110241598071e+00
1.767148310531463373e+00
1.772165234497177444e+00
1.747687699468658540e+00
1.695387632292405300e+00
1.618694034926632774e+00
1.522332100755536155e+00
1.411739586161328219e+00
1.292476082875279708e+00
1.169722040518633932e+00
1.047925592141383255e+00
9.306126597820976176e-01
8.203421871520830688e-01
7.187694012773384600e-01
6.267750973166668071e-01
5.446238063761565940e-01
4.721233141858954818e-01
4.087683530184702541e-01
3.538600417019804878e-01
3.065989121976869236e-01
2.661532007456046678e-01
2.317060099619353275e-01
2.024855767757106351e-01
1.777827378935850910e-01
1.569591550089897980e-01
1.394491951032821586e-01
1.247577002518790168e-01
1.124552976658185766e-01
1.021724208862433425e-01
9.359283845160175364e-02
8.644720572632022537e-02
8.050695277877539802e-02
7.557867954608687988e-02
7.149913400273838482e-02
6.813078719434247088e-02
6.535798103868790954e-02
6.308360339920734972e-02
