1.126565818846468336e-01
1.127878612039957540e-01
1.129519752528307386e-01
1.131481812146459820e-01
1.133757189697274237e-01
1.136338133584737786e-01
1.139216766780321022e-01
1.142385113869507363e-01
1.145835129929009266e-01
1.149558730989084232e-01
1.153547825840040009e-01
1.157794348947301932e-01
1.162290294245688083e-01
1.167027749590578978e-01
1.171998931651869746e-01
1.177196221045719859e-01
1.182612197509491925e-01
1.188239674936698020e-01
1.194071736101528780e-01
1.200101766916341350e-01
1.206323490080708771e-01
1.212730997996871035e-01
1.219318784844027476e-01
1.226081777722531907e-01
1.233015366798920348e-01
1.240115434403482181e-01
1.247378383054025541e-01
1.254801162402203740e-01
1.262381295122418645e-01
1.270116901787718966e-01
1.278006724802059346e-01
1.286050151484011694e-01
1.294247236422977898e-01
1.302598723255433966e-01
1.311106066035439000e-01
1.319771450400505364e-01
1.328597814760847096e-01
1.337588871766988152e-01
1.346749130337488443e-01
1.356083918555223145e-01
1.365599407766984741e-01
1.375302638247224707e-01
1.385201546812395712e-01
1.395304996797535058e-01
1.405622810831351210e-01
1.416165806870258170e-01
1.426945837975193143e-01
1.437975836337934965e-01
1.449269862085748595e-01
1.460843157414492277e-01
1.472712206620902520e-01
1.484894802624344146e-01
1.497410120587004678e-01
1.510278799259021365e-01
1.523523030691384395e-01
1.537166658974401245e-01
1.551235288672768720e-01
1.565756403639826100e-01
1.580759496902739702e-01
1.596276212317055687e-01
1.612340498692524937e-01
1.628988777091990581e-01
1.646260122000400283e-01
1.664196457051058953e-01
1.682842765979821742e-01
1.702247319453814578e-01
1.722461918387972746e-01
1.743542154318396264e-01
1.765547687344074246e-01
1.788542542075610975e-01
1.812595421938047457e-01
1.837780042061694652e-01
1.864175480855884137e-01
1.891866550191453333e-01
1.920944183913388947e-01
1.951505844159573400e-01
1.983655944668293869e-01
2.017506289908775896e-01
2.053176528456805983e-01
2.090794618552464512e-01
2.130497303208452875e-01
2.172430591574199821e-01
2.216750242490420630e-01
2.263622245277660538e-01
2.313223291776435320e-01
2.365741232480902123e-01
2.421375508267284704e-01
2.480337547697309131e-01
2.542851118160614488e-01
2.609152617195281132e-01
2.679491288180381181e-01
2.754129342220914545e-01
2.833341965439997168e-01
2.917417188059046596e-01
3.006655588595543716e-01
3.101369803263326341e-01
3.201883807259836567e-01
3.308531931124240044e-01
3.421657571828158884e-01
3.541611554821447183e-01
3.668750100036038964e-01
3.803432342024627433e-01
3.946017352193410543e-01
4.096860609741854731e-01
4.256309867760367238e-01
4.424700362325393321e-01
4.602349315790695838e-01
4.789549691273370935e-01
4.986563164086671995e-01
5.193612288121007836e-01
5.410871851470504534e-01
5.638459436474967390e-01
5.876425225265572427e-01
6.124741123224208827e-01
6.383289309675301837e-01
6.651850367560571131e-01
6.930091191407220519e-01
7.217552924775409995e-01
7.513639233242541682e-01
7.817605274946252125e-01
8.128547785219648603e-01
8.445396741699238152e-01
8.766909117616744629e-01
9.091665259400785182e-01
9.418068435438193831e-01
9.744348090991865607e-01
1.006856730520421017e+00
1.038863487589099410e+00
1.070232235371795682e+00
1.100728620837731153e+00
1.130109513684867784e+00
1.158126232175985315e+00
1.184528222326354463e+00
1.209067125073960414e+00
1.231501142378427005e+00
1.251599591025153391e+00
1.269147513862869170e+00
1.283950203873126750e+00
1.295837488301965656e+00
1.304667619214066487e+00
1.310330623949798490e+00
1.312750984213554517e+00
1.311889535420385222e+00
1.307744507383806098e+00
1.300351661794857616e+00
1.289783519148003599e+00
1.276147705487677531e+00
1.259584485206667548e+00
1.240263577912849691e+00
1.218380383236632891e+00
1.194151756024500965e+00
1.167811484898263252e+00
1.139605629525103581e+00
1.109787866601473105e+00
1.078614982467407835e+00
1.046342632773797465e+00
1.013221468284674076e+00
9.794937023440677404e-01
9.453901713423775721e-01
9.111279160748276817e-01
8.769082903349626479e-01
8.429155842729220138e-01
8.093161345081023583e-01
7.762578809657580958e-01
7.438703219017969159e-01
7.122648133819450278e-01
6.815351572356617149e-01
6.517584217637719668e-01
6.229959417495382068e-01
5.952944481100856944e-01
5.686872823606224925e-01
5.431956565289348671e-01
5.188299248954975074e-01
4.955908396561470308e-01
4.734707680877439095e-01
4.524548538834163303e-01
4.325221099090924559e-01
4.136464336600890745e-01
3.957975401462616727e-01
3.789418098162389836e-01
3.630430514760910610e-01
3.480631820099717721e-01
3.339628261225819905e-01
3.207018403522309269e-01
3.082397663055093662e-01
2.965362184945934954e-01
2.855512123664306623e-01
2.752454381451144849e-01
2.655804860046657723e-01
2.565190278838102578e-01
2.480249609762850138e-01
2.400635176039217500e-01
2.326013458247675469e-01
2.256065647604377222e-01
2.190487982577530024e-01
2.128991901386203256e-01
2.071304039456650370e-01
2.017166097638787570e-01
1.966334603934292713e-01
1.918580588674218546e-01
1.873689190513967429e-01
1.831459208285619589e-01
1.791702611654713007e-01
1.754244021659685515e-01
1.718920170553551174e-01
1.685579348903919472e-01
1.654080846622930645e-01
1.624294393477269671e-01
1.596099603653906018e-01
1.569385428114774828e-01
1.544049617748481373e-01
1.519998199706194542e-01
1.497144968779648144e-01
1.475410995230358735e-01
1.454724150100614732e-01
1.435018648719208756e-01
1.416234612850231223e-01
1.398317651713996412e-01
1.381218461929172581e-01
1.364892446278486438e-01
1.349299351082299259e-01
1.334402921870319891e-01
1.320170576968181519e-01
1.306573098559258017e-01
1.293584340740012717e-01
1.281180954057220822e-01
1.269342125995244763e-01
1.258049336869568324e-01
1.247286130577512087e-01
1.237037899657133372e-01
1.227291684109659414e-01
1.218035983448590293e-01
1.209260581449060762e-01
1.200956383083297829e-01
1.193115263141947685e-01
1.185729926055701794e-01
1.178793776447125685e-01
1.172300799958120171e-01
1.166245453914206975e-01
1.160622567402186667e-01
1.155427250352835944e-01
1.150654811234758657e-01
1.146300682979520535e-01
1.142360356771128516e-01
1.138829323345482425e-01
1.135703021456706957e-01
1.132976793178013669e-01
1.130645845714319808e-01
1.128705219412788202e-01
1.127149761665224154e-01
1.125974106403477559e-01
1.125172658895142591e-01
1.124739585552432530e-01
1.124668808471861597e-01
1.124954004426547832e-01
1.125588608036637434e-01
