3.578899277935560508e-01
3.491479375003253560e-01
3.408305426633467250e-01
3.329253705526135088e-01
3.254196603213113659e-01
3.183003819416206914e-01
3.115543412227245179e-01
3.051682718411793394e-01
2.991289153368389409e-01
2.934230900309610091e-01
2.880377498107420942e-01
2.829600336996479504e-01
2.781773070984504548e-01
2.736771955403625167e-01
2.694476117571725782e-01
2.654767768036421782e-01
2.617532359360787986e-01
2.582658698891378002e-01
2.550039021435019926e-01
2.519569027268622197e-01
2.491147890421523126e-01
2.464678241706767803e-01
2.440066130539241818e-01
2.417220969166119504e-01
2.396055462550283344e-01
2.376485526789756386e-01
2.358430198626176588e-01
2.341811538291867223e-01
2.326554527667263061e-01
2.312586965467227362e-01
2.299839360944760658e-01
2.288244827392186265e-01
2.277738976532013293e-01
2.268259814720223200e-01
2.259747641733070855e-01
2.252144952772290321e-01
2.245396344202360006e-01
2.239448423425207113e-01
2.234249723201793270e-01
2.229750620644800618e-01
2.225903261031453861e-01
2.222661486519189322e-01
2.219980769788679198e-01
2.217818152587635316e-01
2.216132189104511319e-01
2.214882894062436547e-01
2.214031695390674126e-01
2.213541391302172312e-01
2.213376111581777383e-01
2.213501282869289322e-01
2.213883597704893180e-01
2.214490987090944052e-01
2.215292596313662987e-01
2.216258763760335371e-01
2.217361002462482633e-01
2.218571984092306826e-01
2.219865525138993712e-01
2.221216574992607440e-01
2.222601205666353830e-01
2.223996602892823193e-01
2.225381058336384221e-01
2.226733962671825218e-01
2.228035799289064256e-01
2.229268138394484011e-01
2.230413631291805754e-01
2.231456004638706636e-01
2.232380054490076260e-01
2.233171639954177334e-01
2.233817676304616917e-01
2.234306127408204889e-01
2.234625997346881277e-01
2.234767321130460838e-01
2.234721154416040578e-01
2.234479562169431333e-01
2.234035606223715997e-01
2.233383331709760666e-01
2.232517752353537777e-01
2.231434834654624222e-01
2.230131480979845593e-01
2.228605511624922597e-01
2.226855645915649662e-01
2.224881482437817137e-01
2.222683478502424093e-01
2.220262928968668170e-01
2.217621944562704339e-01
2.214763429844076592e-01
2.211691060984845580e-01
2.208409263538050893e-01
2.204923190382552800e-01
2.201238700040299978e-01
2.197362335569598701e-01
2.193301304244112404e-01
2.189063458231943482e-01
2.184657276492216749e-01
2.180091848108446362e-01
2.175376857278041864e-01
2.170522570176232624e-01
2.165539823910159201e-01
2.160440017775101529e-01
2.155235107019724539e-01
2.149937599321192216e-01
2.144560554163678634e-01
2.139117585305817526e-01
2.133622866513619210e-01
2.128091140725779373e-01
2.122537732808032485e-01
2.116978566042537480e-01
2.111430182487142870e-01
2.105909767328139059e-01
2.100435177338560166e-01
2.095024973542655156e-01
2.089698458175598961e-01
2.084475716016236657e-01
2.079377660159374419e-01
2.074426082283158390e-01
2.069643707456261805e-01
2.065054253519010841e-01
2.060682495062038100e-01
2.056554332015711473e-01
2.052696862853011506e-01
2.049138462397888938e-01
2.045908864219982415e-01
2.043039247584768070e-01
2.040562328915397627e-01
2.038512457708416270e-01
2.036925716829565691e-01
2.035840027097836624e-01
2.035295256044877266e-01
2.035333330712592592e-01
2.035998354323189929e-01
2.037336726622522298e-01
2.039397267658391300e-01
2.042231344709485863e-01
2.045893002026968333e-01
2.050439092987983436e-01
2.055929414187706028e-01
2.062426840912133796e-01
2.069997463336862575e-01
2.078710722685460088e-01
2.088639546453715246e-01
2.099860481660912603e-01
2.112453824925164259e-01
2.126503747974302916e-01
2.142098416996092713e-01
2.159330103998823580e-01
2.178295288095065396e-01
2.199094744335075013e-01
2.221833617401657857e-01
2.246621477133161904e-01
2.273572352466097513e-01
2.302804739982516335e-01
2.334441582810865556e-01
2.368610215163408639e-01
2.405442267300917092e-01
2.445073525199332465e-01
2.487643738658592840e-01
2.533296371047037976e-01
2.582178283324572110e-01
2.634439344444639008e-01
2.690231959712817145e-01
2.749710508194824765e-01
2.813030679839101933e-01
2.880348702632294922e-01
2.951820449868105545e-01
3.027600417512715247e-01
3.107840561730468854e-01
3.192688986932397111e-01
3.282288475273827943e-01
3.376774849404791667e-01
3.476275161522350832e-01
3.580905703442517907e-01
3.690769834558668139e-01
3.805955627239127059e-01
3.926533332492477824e-01
4.052552672641349107e-01
4.184039972331535240e-01
4.320995144484918171e-01
4.463388553785567758e-01
4.611157786945745407e-01
4.764204366279846670e-01
4.922390450928552097e-01
5.085535578289150926e-01
5.253413506638324737e-01
5.425749228344827202e-01
5.602216231169669935e-01
5.782434092593059516e-01
5.965966498489514436e-01
6.152319782348960597e-01
6.340942084131120371e-01
6.531223228245409684e-01
6.722495417575246046e-01
6.914034834454523271e-01
7.105064229659325825e-01
7.294756566506492845e-01
7.482239768897095411e-01
7.666602599629657178e-01
7.846901668765551285e-01
8.022169541725843178e-01
8.191423883853898857e-01
8.353677543364547153e-01
8.507949439127940883e-01
8.653276085017669317e-01
8.788723550146151364e-01
8.913399625849384167e-01
9.026465947381598909e-01
9.127149802437031223e-01
9.214755351104947367e-01
9.288673983638507936e-01
9.348393554018964435e-01
9.393506248790377544e-01
9.423714881578103553e-01
9.438837443124090676e-01
9.438809783128916386e-01
9.423686351830163899e-01
9.393638983907350859e-01
9.348953762642377985e-01
9.290026055900517665e-01
9.217353865154358505e-01
9.131529672418436938e-01
9.033231005919490908e-01
8.923209972367034393e-01
8.802282021080907182e-01
8.671314212763806539e-01
8.531213263661092672e-01
8.382913624957766263e-01
8.227365838623201810e-01
8.065525385902657662e-01
7.898342214818350193e-01
7.726751099999126238e-01
7.551662953497493280e-01
7.373957170459376487e-01
7.194475059896180413e-01
7.014014379462983895e-01
6.833324964920417521e-01
6.653105420449012541e-01
6.474000815549177945e-01
6.296601318031356254e-01
6.121441680521120254e-01
5.949001489757623773e-01
5.779706083416256135e-01
5.613928037819051475e-01
5.451989131242342967e-01
5.294162691103292406e-01
5.140676238624231065e-01
4.991714351179488141e-01
4.847421670006006877e-01
4.707905988937943209e-01
4.573241367989991923e-01
4.443471223704299478e-01
4.318611355983424382e-01
4.198652878499892216e-01
4.083565026589202063e-01
3.973297822725461725e-01
3.867784585208005610e-01
3.766944270542689766e-01
3.670683644193405981e-01
