2.686969220001831499e-02
2.693218483778433286e-02
2.702405362160682778e-02
2.713965383361068712e-02
2.727357812841148255e-02
2.742090916072392748e-02
2.757741221911199844e-02
2.773965978978955305e-02
2.790508544177532080e-02
2.807196970663597413e-02
2.823936539712008920e-02
2.840697378962742103e-02
2.857498605148395265e-02
2.874390604141609240e-02
2.891437102961630368e-02
2.908698593380440456e-02
2.926218441388628300e-02
2.944012679125979082e-02
2.962064055860330614e-02
2.980320462198765563e-02
2.998697383383081005e-02
3.017083630968403485e-02
3.035349290426303526e-02
3.053354637834659879e-02
3.070958739522033909e-02
3.088026554823919412e-02
3.104433597514011378e-02
3.120067545274973764e-02
3.134826578492200255e-02
3.148614635562063668e-02
3.161334149566918938e-02
3.172877144988106579e-02
3.183115797265867464e-02
3.191893677586876699e-02
3.199018915762685822e-02
3.204260419504334489e-02
3.207348099010332021e-02
3.207977775745940452e-02
3.205821120171403749e-02
3.200540583295596875e-02
3.191808881482516291e-02
3.179332185559685664e-02
3.162875779476204130e-02
3.142290618748455611e-02
3.117538964421617820e-02
3.088717123196987879e-02
3.056073313669338543e-02
3.020018819591563375e-02
2.981130889923173932e-02
2.940146294558819429e-02
2.897945021504164109e-02
2.855524268795495840e-02
2.813963593403681629e-02
2.774382772270983510e-02
2.737894547052279262e-02
2.705554906485194144e-02
2.678313859793388790e-02
2.656969736455278702e-02
2.642129895715912904e-02
2.634180348046327377e-02
2.633266206738383436e-02
2.639284147625459848e-02
2.651887221846638276e-02
2.670501514850331243e-02
2.694353352178966571e-02
2.722505091705303831e-02
2.753897072011163988e-02
2.787393045393934260e-02
2.821826422828258712e-02
2.856044879639811629e-02
2.888951270382385250e-02
2.919539314365180577e-02
2.946923063214254568e-02
2.970359673284802063e-02
2.989265416305098705e-02
3.003225132699472930e-02
3.011995455536646549e-02
3.015502132902810745e-02
3.013831704016935176e-02
3.007217708037607934e-02
2.996021595524755998e-02
2.980708629077809257e-02
2.961819332309198471e-02
2.939937467797090753e-02
2.915656046617282060e-02
2.889543409599723556e-02
2.862111864704203201e-02
2.833791601643631530e-02
2.804912536417913937e-02
2.775696304855157504e-02
2.746259820083918335e-02
2.716630691457067037e-02
2.686773490133198550e-02
2.656624505562510397e-02
2.626131458997493784e-02
2.595293812200027972e-02
2.564198983607990368e-02
2.533050048664242659e-02
2.502181360957411727e-02
2.472059901163831119e-02
2.443271873674740524e-02
2.416495897500198220e-02
2.392465822225131600e-02
2.371927497196502088e-02
2.355594540223335254e-02
2.344108183013049462e-02
2.338005611442259268e-02
2.337699975471838054e-02
2.343473616813809834e-02
2.355484317960071516e-02
2.373782802731824043e-02
2.398338581461915975e-02
2.429070730988939358e-02
2.465880426822367188e-02
2.508682978555780430e-02
2.557438618728932050e-02
2.612183123446687807e-02
2.673061207923007124e-02
2.740367244200870439e-02
2.814598942013328900e-02
2.896530062308210959e-02
2.987307968548781612e-02
3.088580974110815072e-02
3.202659251830161646e-02
3.332711862834102784e-02
3.483001605038341802e-02
3.659159224294149249e-02
3.868499336470258149e-02
4.120382302399774183e-02
4.426629228603643634e-02
4.802000985926360710e-02
5.264756191862534490e-02
5.837306831592886658e-02
6.546992726005321228e-02
7.426996274997549330e-02
8.517415371026261506e-02
9.866503190371818388e-02
1.153206616053814859e-01
1.358298227614098685e-01
1.610075640246375062e-01
1.918096122937033021e-01
2.293431493906827878e-01
2.748701209400888357e-01
3.297974771932121740e-01
3.956465833748393779e-01
4.739916615934893218e-01
5.663550164991653091e-01
6.740459040739248398e-01
7.979318226215492693e-01
9.381380162293582181e-01
1.093685709011021245e+00
1.262103943112210747e+00
1.439083001786772620e+00
1.618272752084044974e+00
1.791352431575297555e+00
1.948488334972366953e+00
2.079232766707389768e+00
2.173798234319369360e+00
2.224493548532382903e+00
2.226994053856246936e+00
2.181104532970993048e+00
2.090791737001628903e+00
1.963477528796925498e+00
1.808801289423206615e+00
1.637187546068996635e+00
1.458550758663643254e+00
1.281361090800804625e+00
1.112149007002013690e+00
9.554043013675364016e-01
8.137573033104619213e-01
6.883155755773764373e-01
5.790500728148654241e-01
4.851595317354624459e-01
4.053756754869240475e-01
3.381972047252878033e-01
2.820560631884516667e-01
2.354268848376193657e-01
1.968926048832709275e-01
1.651783864163796911e-01
1.391639573526450568e-01
1.178821337643226330e-01
1.005091911086360146e-01
8.635100841775106284e-02
7.482757671224969653e-02
6.545748894264774576e-02
5.784334808295529123e-02
5.165857398081609431e-02
4.663579738563500277e-02
4.255685168469158092e-02
3.924427132976503890e-02
3.655415325433858387e-02
3.437021500304049404e-02
3.259887878789793220e-02
3.116521697297350985e-02
3.000960731608193904e-02
2.908496310287952274e-02
2.835442235525587745e-02
2.778940020255997456e-02
2.736792808495878970e-02
2.707322172298034374e-02
2.689243599821151964e-02
2.681557860083432984e-02
2.683456534373342833e-02
2.694240847222187721e-02
2.713253529221339166e-02
2.739823821327738024e-02
2.773225904246674756e-02
2.812651020371247784e-02
2.857193359902157614e-02
2.905849420144047957e-02
2.957530040424469209e-02
3.011083703617331575e-02
3.065329037050540384e-02
3.119093816196180646e-02
3.171257259863408118e-02
3.220792090438862054e-02
3.266802787015365972e-02
3.308556724867173227e-02
3.345505475452137389e-02
3.377294398460384262e-02
3.403759713389487018e-02
3.424913384835759356e-02
3.440917270293708530e-02
3.452048941441554497e-02
3.458662298850623262e-02
3.461146487906563429e-02
3.459886663126565676e-02
3.455229853117219863e-02
3.447458599261071788e-02
3.436774253787061584e-02
3.423290916321786170e-02
3.407040052243326400e-02
3.387984951653608134e-02
3.366043419089814748e-02
3.341116477269220897e-02
3.313120451628034924e-02
3.282019589895435185e-02
3.247856364960230446e-02
3.210776803858795408e-02
3.171048567455840572e-02
3.129070052945940456e-02
3.085369473729426826e-02
3.040593646423370155e-02
2.995487029271205054e-02
2.950862347126474369e-02
2.907564837868940530e-02
2.866432698129520867e-02
2.828256637551584615e-02
2.793741533925745216e-02
2.763473004415985257e-02
2.737891286295835933e-02
2.717274196214881227e-02
2.701730173672434870e-02
2.691201589192529497e-02
2.685477691338845896e-02
2.684215853427498327e-02
