1.734023766920732290e-02
1.749834271604282232e-02
1.763660339682389389e-02
1.775601371678422330e-02
1.785788547181028224e-02
1.794360105812976142e-02
1.801436795037086175e-02
1.807099577403555035e-02
1.811371613033965072e-02
1.814206290671299335e-02
1.815482664884064679e-02
1.815009078982437324e-02
1.812535047401896138e-02
1.807770696606779068e-02
1.800412298842645267e-02
1.790171767780020240e-02
1.776807506105768097e-02
1.760153772163440197e-02
1.740145805433941303e-02
1.716838319870043691e-02
1.690415599873734687e-02
1.661192240250088797e-02
1.629604458824717578e-02
1.596192770374826875e-02
1.561577543916902941e-02
1.526429497132612834e-02
1.491437470847477298e-02
1.457275869349871494e-02
1.424573978638418031e-02
1.393889037637171396e-02
1.365684500692114500e-02
1.340314454100423325e-02
1.318014682633343593e-02
1.298900452931688043e-02
1.282970699954005811e-02
1.270117968256914698e-02
1.260143165568808343e-02
1.252773930507403155e-02
1.247685209306992338e-02
1.244520501087748032e-02
1.242912199871754053e-02
1.242499567255933579e-02
1.242943134561014240e-02
1.243934757432829663e-02
1.245203099400460367e-02
1.246514942426601991e-02
1.247673325142151235e-02
1.248513994042910191e-02
1.248901926085033143e-02
1.248729674938287015e-02
1.247918981920198567e-02
1.246426502792841173e-02
1.244253712176057736e-02
1.241460179932929453e-02
1.238178613575868781e-02
1.234629471159731651e-02
1.231132686454725067e-02
1.228114179213685153e-02
1.226105351992876069e-02
1.225734640299801226e-02
1.227711268947143108e-02
1.232802523761866720e-02
1.241806915342525547e-02
1.255526450827550849e-02
1.274741743876194738e-02
1.300193843158904683e-02
1.332576467988662305e-02
1.372541882863437604e-02
1.420723035207268128e-02
1.477773953996037483e-02
1.544429888492834628e-02
1.621588362122348276e-02
1.710412302008028351e-02
1.812456723289589122e-02
1.929821116312858617e-02
2.065330705708021131e-02
2.222751120884205664e-02
2.407042741632153815e-02
2.624663077824317126e-02
2.883928041762591488e-02
3.195445919399995255e-02
3.572641279654041602e-02
4.032389970143472613e-02
4.595790600885851784e-02
5.289102132229547837e-02
6.144880540748800385e-02
7.203348547473992225e-02
8.514028637594189819e-02
1.013765747037579656e-01
1.214837420721291833e-01
1.463612945592530079e-01
1.770918654905700440e-01
2.149647156714193930e-01
2.614935961067373915e-01
3.184224800513647535e-01
3.877095007249402037e-01
4.714754352966755158e-01
5.718985274105072847e-01
6.910332995684009827e-01
8.305295105773473630e-01
9.912326149337240544e-01
1.172664713065499020e+00
1.372420784277182948e+00
1.585570862800975922e+00
1.804226994268725681e+00
2.017491068795123965e+00
2.212006219324477385e+00
2.373245588898956537e+00
2.487467661016921738e+00
2.543989849199357778e+00
2.537201541657320814e+00
2.467702526446827527e+00
2.342185682096964872e+00
2.172102220154273233e+00
1.971548845430880492e+00
1.755006211145651251e+00
1.535480882715378748e+00
1.323351263562875246e+00
1.125943077232393286e+00
9.476728931929441213e-01
7.905296484804268387e-01
6.546853891060190334e-01
5.390897590609041723e-01
4.419699811559613112e-01
3.612096993074964679e-01
2.946116062502198707e-01
2.400636933808507623e-01
1.956329537281336350e-01
1.596085163631519865e-01
1.305119749746801450e-01
1.070880867063476877e-01
8.828499318618143743e-02
7.322995835411941212e-02
6.120431382158294381e-02
5.161971065882425130e-02
4.399672739713861302e-02
3.794622510714812380e-02
3.315345035038907984e-02
2.936467569258875004e-02
2.637607154886114497e-02
2.402447841475231771e-02
2.217976518995708538e-02
2.073849732871977172e-02
1.961868474013645641e-02
1.875542523469145989e-02
1.809729978643475831e-02
1.760340837134795680e-02
1.724095893277504191e-02
1.698333774439914068e-02
1.680859861257340271e-02
1.669831297488222344e-02
1.663672509069939742e-02
1.661015803146867822e-02
1.660661845111984641e-02
1.661555194967999360e-02
1.662770643014669508e-02
1.663506786090557937e-02
1.663084059761447270e-02
1.660945202448997626e-02
1.656656791266848672e-02
1.649910993320084784e-02
1.640526989138436920e-02
1.628451651343981732e-02
1.613759039065673639e-02
1.596648158349425750e-02
1.577438313255793978e-02
1.556561300893100075e-02
1.534549740158358544e-02
1.512020997768298569e-02
1.489656486905949206e-02
1.468176536531684562e-02
1.448311514168176828e-02
1.430770369653555640e-02
1.416208186961398496e-02
1.405194627757122561e-02
1.398185281111108402e-02
1.395497876369311552e-02
1.397295070714232867e-02
1.403575110938687365e-02
1.414171129682673111e-02
1.428759221573594473e-02
1.446874812308551750e-02
1.467936241655232177e-02
1.491273981787910596e-02
1.516163547023371971e-02
1.541859947654489194e-02
1.567631511083847351e-02
1.592791033346756258e-02
1.616722513643176207e-02
1.638902131198458068e-02
1.658912606252709726e-02
1.676450599554753923e-02
1.691327302439146057e-02
1.703462812817267691e-02
1.712875250807517624e-02
1.719665822335217018e-02
1.724001182960132814e-02
1.726094491419540022e-02
1.726186485190035758e-02
1.724527776009610741e-02
1.721363370571837165e-02
1.716920188203004821e-02
1.711398088344531429e-02
1.704964648480829237e-02
1.697753658549247882e-02
1.689867031768133021e-02
1.681379586943870103e-02
1.672345949078970356e-02
1.662808661100335927e-02
1.652806517602820741e-02
1.642382136534174461e-02
1.631587884935684421e-02
1.620489468367894079e-02
1.609166766645454133e-02
1.597711825146780340e-02
1.586224255862369453e-02
1.574804625036452244e-02
1.563546665087368892e-02
1.552529314696100837e-02
1.541809641795002794e-02
1.531417634046679244e-02
1.521353660263227714e-02
1.511589137461466503e-02
1.502070614369316326e-02
1.492727139324928620e-02
1.483480453059421444e-02
1.474257263300332577e-02
1.465002638709361760e-02
1.455693416143644114e-02
1.446350452474320925e-02
1.437048570624122057e-02
1.427923147482856869e-02
1.419172466668627841e-02
1.411055208671885275e-02
1.403882769175357481e-02
1.398006472453294791e-02
1.393800161834657381e-02
1.391639074694750455e-02
1.391876307484141151e-02
1.394818502922579029e-02
1.400702602056691504e-02
1.409675560371326242e-02
1.421778805517237565e-02
1.436938910488705368e-02
1.454965489482307195e-02
1.475556735956873311e-02
1.498312373190247015e-02
1.522753146261601742e-02
1.548345420045016407e-02
1.574529019460124690e-02
1.600746196550251188e-02
1.626469551609069364e-02
1.651226866675437055e-02
1.674621103358064911e-02
1.696344233676715108e-02
1.716184067233741950e-02
