1.126565818846569922e-01
1.127878612040059680e-01
1.129519752528409526e-01
1.131481812146561960e-01
1.133757189697374157e-01
1.136338133584838817e-01
1.139216766780420942e-01
1.142385113869606172e-01
1.145835129929106966e-01
1.149558730989183042e-01
1.153547825840135488e-01
1.157794348947398522e-01
1.162290294245782452e-01
1.167027749590670016e-01
1.171998931651960785e-01
1.177196221045810898e-01
1.182612197509580465e-01
1.188239674936784063e-01
1.194071736101616210e-01
1.200101766916428225e-01
1.206323490080797312e-01
1.212730997996959159e-01
1.219318784844113379e-01
1.226081777722617394e-01
1.233015366799006252e-01
1.240115434403565864e-01
1.247378383054109641e-01
1.254801162402286452e-01
1.262381295122500524e-01
1.270116901787797792e-01
1.278006724802136507e-01
1.286050151484088855e-01
1.294247236423053948e-01
1.302598723255508073e-01
1.311106066035512829e-01
1.319771450400578083e-01
1.328597814760920093e-01
1.337588871767059762e-01
1.346749130337559497e-01
1.356083918555294199e-01
1.365599407767055795e-01
1.375302638247296039e-01
1.385201546812469542e-01
1.395304996797608332e-01
1.405622810831424485e-01
1.416165806870332833e-01
1.426945837975268083e-01
1.437975836338010738e-01
1.449269862085824645e-01
1.460843157414568882e-01
1.472712206620980235e-01
1.484894802624422694e-01
1.497410120587085447e-01
1.510278799259101301e-01
1.523523030691465718e-01
1.537166658974485345e-01
1.551235288672852819e-01
1.565756403639913530e-01
1.580759496902830463e-01
1.596276212317147281e-01
1.612340498692618196e-01
1.628988777092087170e-01
1.646260122000499926e-01
1.664196457051161648e-01
1.682842765979928878e-01
1.702247319453923935e-01
1.722461918388086544e-01
1.743542154318514503e-01
1.765547687344197481e-01
1.788542542075738928e-01
1.812595421938180962e-01
1.837780042061832320e-01
1.864175480856028466e-01
1.891866550191605434e-01
1.920944183913549375e-01
1.951505844159740488e-01
1.983655944668469284e-01
2.017506289908959638e-01
2.053176528456998606e-01
2.090794618552667683e-01
2.130497303208663817e-01
2.172430591574421865e-01
2.216750242490653222e-01
2.263622245277903677e-01
2.313223291776694002e-01
2.365741232481171630e-01
2.421375508267569754e-01
2.480337547697610279e-01
2.542851118160931456e-01
2.609152617195616974e-01
2.679491288180736452e-01
2.754129342221288690e-01
2.833341965440392407e-01
2.917417188059464594e-01
3.006655588595984474e-01
3.101369803263791525e-01
3.201883807260325066e-01
3.308531931124752967e-01
3.421657571828698452e-01
3.541611554822013952e-01
3.668750100036635153e-01
3.803432342025252488e-01
3.946017352194065575e-01
4.096860609742541959e-01
4.256309867761086108e-01
4.424700362326147718e-01
4.602349315791483542e-01
4.789549691274196941e-01
4.986563164087532973e-01
5.193612288121907117e-01
5.410871851471439342e-01
5.638459436475939945e-01
5.876425225266578289e-01
6.124741123225247996e-01
6.383289309676372092e-01
6.651850367561672472e-01
6.930091191408347395e-01
7.217552924776559076e-01
7.513639233243710747e-01
7.817605274947438954e-01
8.128547785220843203e-01
8.445396741700438303e-01
8.766909117617943670e-01
9.091665259401975341e-01
9.418068435439368447e-01
9.744348090993016909e-01
1.006856730520532262e+00
1.038863487589206214e+00
1.070232235371897156e+00
1.100728620837826188e+00
1.130109513684955047e+00
1.158126232176064141e+00
1.184528222326423741e+00
1.209067125074019255e+00
1.231501142378474523e+00
1.251599591025188474e+00
1.269147513862891818e+00
1.283950203873135631e+00
1.295837488301960772e+00
1.304667619214047614e+00
1.310330623949765183e+00
1.312750984213506777e+00
1.311889535420323272e+00
1.307744507383730381e+00
1.300351661794769020e+00
1.289783519147902346e+00
1.276147705487564288e+00
1.259584485206543869e+00
1.240263577912716464e+00
1.218380383236490783e+00
1.194151756024351752e+00
1.167811484898107377e+00
1.139605629524942820e+00
1.109787866601308348e+00
1.078614982467240413e+00
1.046342632773628711e+00
1.013221468284504656e+00
9.794937023438990975e-01
9.453901713422101505e-01
9.111279160746623695e-01
8.769082903348006663e-01
8.429155842727635850e-01
8.093161345079482594e-01
7.762578809656086598e-01
7.438703219016525869e-01
7.122648133818063609e-01
6.815351572355285992e-01
6.517584217636448463e-01
6.229959417494170815e-01
5.952944481099704532e-01
5.686872823605131355e-01
5.431956565288316163e-01
5.188299248954000298e-01
4.955908396560553264e-01
4.734707680876577007e-01
4.524548538833356726e-01
4.325221099090172938e-01
4.136464336600188529e-01
3.957975401461965581e-01
3.789418098161786430e-01
3.630430514760354943e-01
3.480631820099207019e-01
3.339628261225352501e-01
3.207018403521880168e-01
3.082397663054704529e-01
2.965362184945580792e-01
2.855512123663987989e-01
2.752454381450857301e-01
2.655804860046399596e-01
2.565190278837872206e-01
2.480249609762647245e-01
2.400635176039037921e-01
2.326013458247520593e-01
2.256065647604243440e-01
2.190487982577416226e-01
2.128991901386105556e-01
2.071304039456569324e-01
2.017166097638723454e-01
1.966334603934244141e-01
1.918580588674184129e-01
1.873689190513945224e-01
1.831459208285610707e-01
1.791702611654715782e-01
1.754244021659697172e-01
1.718920170553573379e-01
1.685579348903947783e-01
1.654080846622967838e-01
1.624294393477312970e-01
1.596099603653955423e-01
1.569385428114829506e-01
1.544049617748540215e-01
1.519998199706257824e-01
1.497144968779715868e-01
1.475410995230432287e-01
1.454724150100690228e-01
1.435018648719286749e-01
1.416234612850311159e-01
1.398317651714078291e-01
1.381218461929256403e-01
1.364892446278570814e-01
1.349299351082384468e-01
1.334402921870405379e-01
1.320170576968268950e-01
1.306573098559347113e-01
1.293584340740100147e-01
1.281180954057309362e-01
1.269342125995331361e-01
1.258049336869654367e-01
1.247286130577596880e-01
1.237037899657218720e-01
1.227291684109743930e-01
1.218035983448674531e-01
1.209260581449146943e-01
1.200956383083385259e-01
1.193115263142035531e-01
1.185729926055792416e-01
1.178793776447218666e-01
1.172300799958215234e-01
1.166245453914304120e-01
1.160622567402285199e-01
1.155427250352933088e-01
1.150654811234857466e-01
1.146300682979619068e-01
1.142360356771227048e-01
1.138829323345580402e-01
1.135703021456805351e-01
1.132976793178112063e-01
1.130645845714416953e-01
1.128705219412886041e-01
1.127149761665323657e-01
1.125974106403576647e-01
1.125172658895243760e-01
1.124739585552536059e-01
1.124668808471963599e-01
1.124954004426649834e-01
1.125588608036740546e-01
