3.578899277935562728e-01
3.491479375003259111e-01
3.408305426633476687e-01
3.329253705526149520e-01
3.254196603213133088e-01
3.183003819416228564e-01
3.115543412227269049e-01
3.051682718411822259e-01
2.991289153368420495e-01
2.934230900309643397e-01
2.880377498107458134e-01
2.829600336996519472e-01
2.781773070984548402e-01
2.736771955403670686e-01
2.694476117571773521e-01
2.654767768036472297e-01
2.617532359360840166e-01
2.582658698891432403e-01
2.550039021435075992e-01
2.519569027268682149e-01
2.491147890421582523e-01
2.464678241706829143e-01
2.440066130539302602e-01
2.417220969166182787e-01
2.396055462550348292e-01
2.376485526789821057e-01
2.358430198626241536e-01
2.341811538291934114e-01
2.326554527667329397e-01
2.312586965467295363e-01
2.299839360944827826e-01
2.288244827392254543e-01
2.277738976532082127e-01
2.268259814720292034e-01
2.259747641733138857e-01
2.252144952772359709e-01
2.245396344202428840e-01
2.239448423425275669e-01
2.234249723201860161e-01
2.229750620644867509e-01
2.225903261031518254e-01
2.222661486519255103e-01
2.219980769788739150e-01
2.217818152587698599e-01
2.216132189104570160e-01
2.214882894062496221e-01
2.214031695390732413e-01
2.213541391302228101e-01
2.213376111581830397e-01
2.213501282869341225e-01
2.213883597704943418e-01
2.214490987090994012e-01
2.215292596313708229e-01
2.216258763760379780e-01
2.217361002462526209e-01
2.218571984092347904e-01
2.219865525139030349e-01
2.221216574992642412e-01
2.222601205666385193e-01
2.223996602892855112e-01
2.225381058336412254e-01
2.226733962671850753e-01
2.228035799289087016e-01
2.229268138394506216e-01
2.230413631291824350e-01
2.231456004638722734e-01
2.232380054490088472e-01
2.233171639954188437e-01
2.233817676304624134e-01
2.234306127408208775e-01
2.234625997346885162e-01
2.234767321130463613e-01
2.234721154416038913e-01
2.234479562169427447e-01
2.234035606223707671e-01
2.233383331709752340e-01
2.232517752353524454e-01
2.231434834654612009e-01
2.230131480979830605e-01
2.228605511624908164e-01
2.226855645915629678e-01
2.224881482437797153e-01
2.222683478502400778e-01
2.220262928968646521e-01
2.217621944562679914e-01
2.214763429844052167e-01
2.211691060984819490e-01
2.208409263538024248e-01
2.204923190382525044e-01
2.201238700040271112e-01
2.197362335569566505e-01
2.193301304244083538e-01
2.189063458231914061e-01
2.184657276492186773e-01
2.180091848108417496e-01
2.175376857278012999e-01
2.170522570176203758e-01
2.165539823910131445e-01
2.160440017775072108e-01
2.155235107019696228e-01
2.149937599321165571e-01
2.144560554163653099e-01
2.139117585305792546e-01
2.133622866513593674e-01
2.128091140725754671e-01
2.122537732808009170e-01
2.116978566042515275e-01
2.111430182487121776e-01
2.105909767328117688e-01
2.100435177338542403e-01
2.095024973542638225e-01
2.089698458175582307e-01
2.084475716016220836e-01
2.079377660159359709e-01
2.074426082283143957e-01
2.069643707456249315e-01
2.065054253518998073e-01
2.060682495062027830e-01
2.056554332015704811e-01
2.052696862853005677e-01
2.049138462397882832e-01
2.045908864219977974e-01
2.043039247584764462e-01
2.040562328915394574e-01
2.038512457708414605e-01
2.036925716829565969e-01
2.035840027097837734e-01
2.035295256044878376e-01
2.035333330712594813e-01
2.035998354323191872e-01
2.037336726622526184e-01
2.039397267658396018e-01
2.042231344709492802e-01
2.045893002026974439e-01
2.050439092987991763e-01
2.055929414187712967e-01
2.062426840912141568e-01
2.069997463336870069e-01
2.078710722685470358e-01
2.088639546453724682e-01
2.099860481660925093e-01
2.112453824925176749e-01
2.126503747974317349e-01
2.142098416996105203e-01
2.159330103998839123e-01
2.178295288095079274e-01
2.199094744335092222e-01
2.221833617401674787e-01
2.246621477133178002e-01
2.273572352466114999e-01
2.302804739982537152e-01
2.334441582810886651e-01
2.368610215163431398e-01
2.405442267300940129e-01
2.445073525199357445e-01
2.487643738658617543e-01
2.533296371047065731e-01
2.582178283324600421e-01
2.634439344444670095e-01
2.690231959712848786e-01
2.749710508194860292e-01
2.813030679839139681e-01
2.880348702632334890e-01
2.951820449868144958e-01
3.027600417512758546e-01
3.107840561730512707e-01
3.192688986932444850e-01
3.282288475273876238e-01
3.376774849404843848e-01
3.476275161522404122e-01
3.580905703442574528e-01
3.690769834558724760e-01
3.805955627239188122e-01
3.926533332492541106e-01
4.052552672641415166e-01
4.184039972331600188e-01
4.320995144484985895e-01
4.463388553785637702e-01
4.611157786945817572e-01
4.764204366279919944e-01
4.922390450928625372e-01
5.085535578289224201e-01
5.253413506638402453e-01
5.425749228344904918e-01
5.602216231169747651e-01
5.782434092593135011e-01
5.965966498489589931e-01
6.152319782349033872e-01
6.340942084131193646e-01
6.531223228245480739e-01
6.722495417575313770e-01
6.914034834454583223e-01
7.105064229659386887e-01
7.294756566506548356e-01
7.482239768897145371e-01
7.666602599629701587e-01
7.846901668765591253e-01
8.022169541725873154e-01
8.191423883853924393e-01
8.353677543364561586e-01
8.507949439127950875e-01
8.653276085017669317e-01
8.788723550146142482e-01
8.913399625849363073e-01
9.026465947381570043e-01
9.127149802436992365e-01
9.214755351104899628e-01
9.288673983638449094e-01
9.348393554018895601e-01
9.393506248790299828e-01
9.423714881578015845e-01
9.438837443123997417e-01
9.438809783128812025e-01
9.423686351830052876e-01
9.393638983907230955e-01
9.348953762642251419e-01
9.290026055900385549e-01
9.217353865154223058e-01
9.131529672418294830e-01
9.033231005919344359e-01
8.923209972366885623e-01
8.802282021080755081e-01
8.671314212763653329e-01
8.531213263660937240e-01
8.382913624957610832e-01
8.227365838623046379e-01
8.065525385902505562e-01
7.898342214818198093e-01
7.726751099998978578e-01
7.551662953497346731e-01
7.373957170459233268e-01
7.194475059896041635e-01
7.014014379462849558e-01
6.833324964920288735e-01
6.653105420448889307e-01
6.474000815549059151e-01
6.296601318031244121e-01
6.121441680521014783e-01
5.949001489757522743e-01
5.779706083416160656e-01
5.613928037818963768e-01
5.451989131242263031e-01
5.294162691103215801e-01
5.140676238624163341e-01
4.991714351179424303e-01
4.847421670005949701e-01
4.707905988937893249e-01
4.573241367989948070e-01
4.443471223704260620e-01
4.318611355983391076e-01
4.198652878499863350e-01
4.083565026589179303e-01
3.973297822725444517e-01
3.867784585207992842e-01
3.766944270542681994e-01
3.670683644193403761e-01
