1.262244135102387754e-01
1.275756768853329448e-01
1.290894433413446452e-01
1.307773837408713336e-01
1.326520774908049316e-01
1.347270914026620914e-01
1.370170639403611723e-01
1.395377949599876377e-01
1.423063409977594618e-01
1.453411161001670893e-01
1.486619981111058642e-01
1.522904402313406957e-01
1.562495875418332680e-01
1.605643980297986051e-01
1.652617674696364447e-01
1.703706572843238787e-01
1.759222242399390845e-01
1.819499504996205941e-01
1.884897721756429723e-01
1.955802040612095727e-01
2.032624576882972600e-01
2.115805492357243633e-01
2.205813930939354017e-01
2.303148760719678501e-01
2.408339063011906978e-01
2.521944298454699140e-01
2.644554068676137071e-01
2.776787379314087367e-01
2.919291296480676645e-01
3.072738874252725072e-01
3.237826215775864713e-01
3.415268515548637307e-01
3.605794916046081156e-01
3.810141998910850925e-01
4.029045720601767133e-01
4.263231596057421302e-01
4.513402933343952927e-01
4.780226929494150179e-01
5.064318455236943572e-01
5.366221386804123084e-01
5.686387389469600429e-01
6.025152123026388251e-01
6.382708927054467907e-01
6.759080156229941849e-01
7.154086474976171228e-01
7.567314587138219695e-01
7.998084068948705383e-01
8.445414188778336273e-01
8.907991828350713126e-01
9.384141856852772356e-01
9.871801537124090808e-01
1.036850074297412272e+00
1.087134991574894904e+00
1.137703776053350158e+00
1.188184065036833381e+00
1.238164554414316498e+00
1.287198790824193972e+00
1.334810564951300682e+00
1.380500941586631614e+00
1.423756881482472370e+00
1.464061317239715887e+00
1.500904445701402690e+00
1.533795899638746629e+00
1.562277370314917757e+00
1.585935178847688531e+00
1.604412246877296333e+00
1.617418903145124043e+00
1.624741986927209947e+00
1.626251773140221513e+00
1.621906344698803348e+00
1.611753168750659437e+00
1.595927784738166544e+00
1.574649671463116851e+00
1.548215514151657590e+00
1.516990228238315197e+00
1.481396203610084505e+00
1.441901304009842955e+00
1.399006187728192518e+00
1.353231508156981899e+00
1.305105510368594235e+00
1.255152469516358948e+00
1.203882327106873262e+00
1.151781781218931489e+00
1.099306985218544863e+00
1.046877913869607379e+00
9.948743716258527936e-01
9.436335489999784221e-01
8.934489810064853987e-01
8.445707268561106762e-01
7.972065711192370951e-01
7.515240413484889359e-01
7.076530430261922522e-01
6.656889268875054722e-01
6.256958234762652893e-01
5.877101028183384646e-01
5.517438413425587163e-01
5.177882020757248460e-01
4.858166565493504674e-01
4.557879970350304788e-01
4.276491052554879935e-01
4.013374584452689131e-01
3.767833656006276399e-01
3.539119361403391673e-01
3.326447902607544416e-01
3.129015253160829513e-01
2.946009559082438667e-01
2.776621473403201867e-01
2.620052629609362915e-01
2.475522459593419988e-01
2.342273555828507658e-01
2.219575767239037878e-01
2.106729205137490846e-01
2.003066320828716385e-01
1.907953200970645691e-01
1.820790211213826060e-01
1.741012103519548881e-01
1.668087688218577447e-01
1.601519158538004806e-01
1.540841143114205503e-01
1.485619550975855740e-01
1.435450263619578726e-01
1.389957720072850234e-01
1.348793433180079382e-01
1.311634468678907761e-01
1.278181912868018300e-01
1.248159349714928479e-01
1.221311364024429968e-01
1.197402083700193076e-01
1.176213771104849815e-01
1.157545470984341907e-01
1.141211720304413646e-01
1.127041323591969624e-01
1.114876195928630742e-01
1.104570274562688970e-01
1.095988499147966255e-01
1.089005859849603297e-01
1.083506511946846218e-01
1.079382955086527485e-01
1.076535274975460310e-01
1.074870445027443222e-01
1.074301685284750896e-01
1.074747875801942421e-01
1.076133021600152451e-01
1.078385766263535439e-01
1.081438951248095970e-01
1.085229218000591800e-01
1.089696650035447967e-01
1.094784452186571277e-01
1.100438664334317251e-01
1.106607907002603863e-01
1.113243156324289773e-01
1.120297545982353038e-01
1.127726193847777003e-01
1.135486051151028131e-01
1.143535772140821527e-01
1.151835602300457506e-01
1.160347283307229804e-01
1.169033973033387075e-01
1.177860178997018892e-01
1.186791703777609897e-01
1.195795601013095733e-01
1.204840140692859662e-01
1.213894782553934515e-01
1.222930156475377506e-01
1.231918048848573422e-01
1.240831393978738262e-01
1.249644269645661110e-01
1.258331896019497520e-01
1.266870637190826987e-01
1.275238004633233724e-01
1.283412661971999880e-01
1.291374430484219793e-01
1.299104294804582782e-01
1.306584408357255589e-01
1.313798098078587662e-01
1.320729868037963661e-01
1.327365401605558048e-01
1.333691561856488739e-01
1.339696389941117116e-01
1.345369101191452865e-01
1.350700078773978130e-01
1.355680864739823022e-01
1.360304148364225307e-01
1.364563751708698924e-01
1.368454612380920477e-01
1.371972763509254345e-01
1.375115310990490669e-01
1.377880408110572774e-01
1.380267227678498854e-01
1.382275931852605111e-01
1.383907639875650020e-01
1.385164393970073071e-01
1.386049123676686978e-01
1.386565608948745476e-01
1.386718442337866453e-01
1.386512990628404607e-01
1.385955356292259966e-01
1.385052339145950162e-01
1.383811398596385134e-01
1.382240616860401783e-01
1.380348663536066223e-01
1.378144761890833792e-01
1.375638657213156257e-01
1.372840587550167024e-01
1.369761257125206022e-01
1.366411812695729200e-01
1.362803823074799636e-01
1.358949261999353730e-01
1.354860494485846667e-01
1.350550266770146335e-01
1.346031699884431276e-01
1.341318286880346378e-01
1.336423893666013329e-01
1.331362763385466330e-01
1.326149524233982691e-01
1.320799200572417842e-01
1.315327227179041714e-01
1.309749466459393941e-01
1.304082228423969481e-01
1.298342293240932754e-01
1.292546936176868777e-01
1.286713954753345157e-01
1.280861697970872015e-01
1.275009097484932907e-01
1.269175700660855888e-01
1.263381705485381590e-01
1.257647997372277893e-01
1.251996187966906704e-01
1.246448656129553745e-01
1.241028591358769584e-01
1.235760040003377191e-01
1.230667954703786870e-01
1.225778247599507431e-01
1.221117847938573420e-01
1.216714764825740924e-01
1.212598155948104162e-01
1.208798403218930839e-01
1.205347196381684194e-01
1.202277625715928444e-01
1.199624285084263109e-01
1.197423386654091759e-01
1.195712888719402400e-01
1.194532638135533675e-01
1.193924528963823395e-01
1.193932679002926434e-01
1.194603625959475002e-01
1.195986545082444730e-01
1.198133490153079350e-01
1.201099659785633822e-01
1.204943691052948740e-01
1.209727982504806842e-01
1.215519048695586912e-01
1.222387908379491961e-01
1.230410508565441541e-01
1.239668186647162607e-01
1.250248172834189653e-01
