3.578899277935567724e-01
3.491479375003261332e-01
3.408305426633480573e-01
3.329253705526150631e-01
3.254196603213135308e-01
3.183003819416230784e-01
3.115543412227271824e-01
3.051682718411823370e-01
2.991289153368422715e-01
2.934230900309645063e-01
2.880377498107460355e-01
2.829600336996519472e-01
2.781773070984548957e-01
2.736771955403670686e-01
2.694476117571771301e-01
2.654767768036468967e-01
2.617532359360839611e-01
2.582658698891429072e-01
2.550039021435073217e-01
2.519569027268677708e-01
2.491147890421579469e-01
2.464678241706826922e-01
2.440066130539297051e-01
2.417220969166176681e-01
2.396055462550344406e-01
2.376485526789816893e-01
2.358430198626236818e-01
2.341811538291929118e-01
2.326554527667323014e-01
2.312586965467289257e-01
2.299839360944818945e-01
2.288244827392246772e-01
2.277738976532075466e-01
2.268259814720282597e-01
2.259747641733131363e-01
2.252144952772352493e-01
2.245396344202420513e-01
2.239448423425266510e-01
2.234249723201851556e-01
2.229750620644857517e-01
2.225903261031509928e-01
2.222661486519244556e-01
2.219980769788731934e-01
2.217818152587687219e-01
2.216132189104561001e-01
2.214882894062487895e-01
2.214031695390722143e-01
2.213541391302217276e-01
2.213376111581820127e-01
2.213501282869331788e-01
2.213883597704933148e-01
2.214490987090983465e-01
2.215292596313699347e-01
2.216258763760370343e-01
2.217361002462515662e-01
2.218571984092335136e-01
2.219865525139020912e-01
2.221216574992631032e-01
2.222601205666374091e-01
2.223996602892843732e-01
2.225381058336401985e-01
2.226733962671839095e-01
2.228035799289076468e-01
2.229268138394494003e-01
2.230413631291812970e-01
2.231456004638710522e-01
2.232380054490077925e-01
2.233171639954175669e-01
2.233817676304613031e-01
2.234306127408196563e-01
2.234625997346871840e-01
2.234767321130450846e-01
2.234721154416024480e-01
2.234479562169414679e-01
2.234035606223694348e-01
2.233383331709736797e-01
2.232517752353512241e-01
2.231434834654599242e-01
2.230131480979817837e-01
2.228605511624893731e-01
2.226855645915616355e-01
2.224881482437785496e-01
2.222683478502388843e-01
2.220262928968631533e-01
2.217621944562665481e-01
2.214763429844038289e-01
2.211691060984804502e-01
2.208409263538008704e-01
2.204923190382510889e-01
2.201238700040255014e-01
2.197362335569553182e-01
2.193301304244067995e-01
2.189063458231899351e-01
2.184657276492170674e-01
2.180091848108401675e-01
2.175376857277997455e-01
2.170522570176186827e-01
2.165539823910114514e-01
2.160440017775056010e-01
2.155235107019680407e-01
2.149937599321149473e-01
2.144560554163638111e-01
2.139117585305775615e-01
2.133622866513578686e-01
2.128091140725739128e-01
2.122537732807994182e-01
2.116978566042499454e-01
2.111430182487107898e-01
2.105909767328103532e-01
2.100435177338529080e-01
2.095024973542622682e-01
2.089698458175569540e-01
2.084475716016205848e-01
2.079377660159346664e-01
2.074426082283131190e-01
2.069643707456236548e-01
2.065054253518984750e-01
2.060682495062015895e-01
2.056554332015691766e-01
2.052696862852993742e-01
2.049138462397870342e-01
2.045908864219966594e-01
2.043039247584752527e-01
2.040562328915385137e-01
2.038512457708404613e-01
2.036925716829554867e-01
2.035840027097828020e-01
2.035295256044869772e-01
2.035333330712585653e-01
2.035998354323183823e-01
2.037336726622517857e-01
2.039397267658387136e-01
2.042231344709484475e-01
2.045893002026965557e-01
2.050439092987984269e-01
2.055929414187706861e-01
2.062426840912136294e-01
2.069997463336865073e-01
2.078710722685466195e-01
2.088639546453720797e-01
2.099860481660922318e-01
2.112453824925173140e-01
2.126503747974313463e-01
2.142098416996103538e-01
2.159330103998837180e-01
2.178295288095077886e-01
2.199094744335091112e-01
2.221833617401674232e-01
2.246621477133178835e-01
2.273572352466115831e-01
2.302804739982537707e-01
2.334441582810889149e-01
2.368610215163434174e-01
2.405442267300943182e-01
2.445073525199361608e-01
2.487643738658623649e-01
2.533296371047070172e-01
2.582178283324605417e-01
2.634439344444677866e-01
2.690231959712857113e-01
2.749710508194869174e-01
2.813030679839149117e-01
2.880348702632344882e-01
2.951820449868155505e-01
3.027600417512769648e-01
3.107840561730524920e-01
3.192688986932459283e-01
3.282288475273890671e-01
3.376774849404859391e-01
3.476275161522420776e-01
3.580905703442590071e-01
3.690769834558744189e-01
3.805955627239206995e-01
3.926533332492559980e-01
4.052552672641434039e-01
4.184039972331622392e-01
4.320995144485008099e-01
4.463388553785661572e-01
4.611157786945839776e-01
4.764204366279943814e-01
4.922390450928649797e-01
5.085535578289250846e-01
5.253413506638429098e-01
5.425749228344931563e-01
5.602216231169774296e-01
5.782434092593162767e-01
5.965966498489618797e-01
6.152319782349064958e-01
6.340942084131221401e-01
6.531223228245508494e-01
6.722495417575344856e-01
6.914034834454613199e-01
7.105064229659413533e-01
7.294756566506577222e-01
7.482239768897174237e-01
7.666602599629730452e-01
7.846901668765617899e-01
8.022169541725900910e-01
8.191423883853951038e-01
8.353677543364588232e-01
8.507949439127975300e-01
8.653276085017692631e-01
8.788723550146164687e-01
8.913399625849385277e-01
9.026465947381591137e-01
9.127149802437011239e-01
9.214755351104919612e-01
9.288673983638465748e-01
9.348393554018912255e-01
9.393506248790315372e-01
9.423714881578029168e-01
9.438837443124011850e-01
9.438809783128824238e-01
9.423686351830062868e-01
9.393638983907243167e-01
9.348953762642260301e-01
9.290026055900392210e-01
9.217353865154229720e-01
9.131529672418299270e-01
9.033231005919351020e-01
8.923209972366890064e-01
8.802282021080758412e-01
8.671314212763658880e-01
8.531213263660939461e-01
8.382913624957613052e-01
8.227365838623047489e-01
8.065525385902505562e-01
7.898342214818203644e-01
7.726751099998980798e-01
7.551662953497350061e-01
7.373957170459235488e-01
7.194475059896043856e-01
7.014014379462851778e-01
6.833324964920290956e-01
6.653105420448892637e-01
6.474000815549062482e-01
6.296601318031247452e-01
6.121441680521015893e-01
5.949001489757524963e-01
5.779706083416163986e-01
5.613928037818967098e-01
5.451989131242265252e-01
5.294162691103219132e-01
5.140676238624166672e-01
4.991714351179428744e-01
4.847421670005954697e-01
4.707905988937896025e-01
4.573241367989950290e-01
4.443471223704264506e-01
4.318611355983397182e-01
4.198652878499867791e-01
4.083565026589183189e-01
3.973297822725448958e-01
3.867784585207997283e-01
3.766944270542684770e-01
3.670683644193405981e-01
