1.126565818846383404e-01
1.127878612039877049e-01
1.129519752528228560e-01
1.131481812146384325e-01
1.133757189697200962e-01
1.136338133584667842e-01
1.139216766780253298e-01
1.142385113869441859e-01
1.145835129928948204e-01
1.149558730989024280e-01
1.153547825839981167e-01
1.157794348947245311e-01
1.162290294245633682e-01
1.167027749590524577e-01
1.171998931651816456e-01
1.177196221045667679e-01
1.182612197509439467e-01
1.188239674936648615e-01
1.194071736101478542e-01
1.200101766916293888e-01
1.206323490080664085e-01
1.212730997996828153e-01
1.219318784843985704e-01
1.226081777722494159e-01
1.233015366798884127e-01
1.240115434403449290e-01
1.247378383053994733e-01
1.254801162402172654e-01
1.262381295122391167e-01
1.270116901787691766e-01
1.278006724802033256e-01
1.286050151483986159e-01
1.294247236422954583e-01
1.302598723255412039e-01
1.311106066035418183e-01
1.319771450400485380e-01
1.328597814760829332e-01
1.337588871766970666e-01
1.346749130337473732e-01
1.356083918555210377e-01
1.365599407766974194e-01
1.375302638247213605e-01
1.385201546812388218e-01
1.395304996797526731e-01
1.405622810831342884e-01
1.416165806870252342e-01
1.426945837975187037e-01
1.437975836337928859e-01
1.449269862085742211e-01
1.460843157414485061e-01
1.472712206620894193e-01
1.484894802624337762e-01
1.497410120586999405e-01
1.510278799259013593e-01
1.523523030691378566e-01
1.537166658974393751e-01
1.551235288672763446e-01
1.565756403639820826e-01
1.580759496902735262e-01
1.596276212317050414e-01
1.612340498692519108e-01
1.628988777091982532e-01
1.646260122000393900e-01
1.664196457051050626e-01
1.682842765979812583e-01
1.702247319453804586e-01
1.722461918387964419e-01
1.743542154318387105e-01
1.765547687344065642e-01
1.788542542075601816e-01
1.812595421938036910e-01
1.837780042061684660e-01
1.864175480855873035e-01
1.891866550191440566e-01
1.920944183913377290e-01
1.951505844159556191e-01
1.983655944668274995e-01
2.017506289908757577e-01
2.053176528456787664e-01
2.090794618552445083e-01
2.130497303208432336e-01
2.172430591574177616e-01
2.216750242490397316e-01
2.263622245277636114e-01
2.313223291776412560e-01
2.365741232480875755e-01
2.421375508267260002e-01
2.480337547697282208e-01
2.542851118160586177e-01
2.609152617195252266e-01
2.679491288180352315e-01
2.754129342220882903e-01
2.833341965439961641e-01
2.917417188059009403e-01
3.006655588595502637e-01
3.101369803263284153e-01
3.201883807259789938e-01
3.308531931124187864e-01
3.421657571828105038e-01
3.541611554821387786e-01
3.668750100035977346e-01
3.803432342024561930e-01
3.946017352193340599e-01
4.096860609741784232e-01
4.256309867760292298e-01
4.424700362325315606e-01
4.602349315790615347e-01
4.789549691273286558e-01
4.986563164086582622e-01
5.193612288120917908e-01
5.410871851470409055e-01
5.638459436474868580e-01
5.876425225265469177e-01
6.124741123224100026e-01
6.383289309675187484e-01
6.651850367560453448e-01
6.930091191407098394e-01
7.217552924775281209e-01
7.513639233242408455e-01
7.817605274946115568e-01
8.128547785219507604e-01
8.445396741699092713e-01
8.766909117616595859e-01
9.091665259400634191e-01
9.418068435438042840e-01
9.744348090991713507e-01
1.006856730520405696e+00
1.038863487589083867e+00
1.070232235371780583e+00
1.100728620837716498e+00
1.130109513684853351e+00
1.158126232175971548e+00
1.184528222326341584e+00
1.209067125073948645e+00
1.231501142378416125e+00
1.251599591025143621e+00
1.269147513862860954e+00
1.283950203873119644e+00
1.295837488301960327e+00
1.304667619214062491e+00
1.310330623949796269e+00
1.312750984213554073e+00
1.311889535420386110e+00
1.307744507383808763e+00
1.300351661794862057e+00
1.289783519148009594e+00
1.276147705487685080e+00
1.259584485206676874e+00
1.240263577912860793e+00
1.218380383236645770e+00
1.194151756024515620e+00
1.167811484898279240e+00
1.139605629525121122e+00
1.109787866601491757e+00
1.078614982467427375e+00
1.046342632773818115e+00
1.013221468284695614e+00
9.794937023440897228e-01
9.453901713423998876e-01
9.111279160748502193e-01
8.769082903349857405e-01
8.429155842729452175e-01
8.093161345081256730e-01
7.762578809657812995e-01
7.438703219018201196e-01
7.122648133819682315e-01
6.815351572356846965e-01
6.517584217637949484e-01
6.229959417495609664e-01
5.952944481101083429e-01
5.686872823606449190e-01
5.431956565289571826e-01
5.188299248955193788e-01
4.955908396561684581e-01
4.734707680877647817e-01
4.524548538834368694e-01
4.325221099091124954e-01
4.136464336601086145e-01
3.957975401462806020e-01
3.789418098162574688e-01
3.630430514761090466e-01
3.480631820099893137e-01
3.339628261225992545e-01
3.207018403522475247e-01
3.082397663055255199e-01
2.965362184946090940e-01
2.855512123664459834e-01
2.752454381451292509e-01
2.655804860046802607e-01
2.565190278838239690e-01
2.480249609762983920e-01
2.400635176039345176e-01
2.326013458247798427e-01
2.256065647604497126e-01
2.190487982577645487e-01
2.128991901386312890e-01
2.071304039456755008e-01
2.017166097638889433e-01
1.966334603934389857e-01
1.918580588674311804e-01
1.873689190514055136e-01
1.831459208285704521e-01
1.791702611654793498e-01
1.754244021659759345e-01
1.718920170553620008e-01
1.685579348903979979e-01
1.654080846622984491e-01
1.624294393477316856e-01
1.596099603653943766e-01
1.569385428114805081e-01
1.544049617748504133e-01
1.519998199706211195e-01
1.497144968779657581e-01
1.475410995230364009e-01
1.454724150100613067e-01
1.435018648719202927e-01
1.416234612850219288e-01
1.398317651713977816e-01
1.381218461929148711e-01
1.364892446278456739e-01
1.349299351082264009e-01
1.334402921870276315e-01
1.320170576968133502e-01
1.306573098559205559e-01
1.293584340739953320e-01
1.281180954057157262e-01
1.269342125995176207e-01
1.258049336869492274e-01
1.247286130577430485e-01
1.237037899657049966e-01
1.227291684109570180e-01
1.218035983448497589e-01
1.209260581448965421e-01
1.200956383083200130e-01
1.193115263141847765e-01
1.185729926055601596e-01
1.178793776447026181e-01
1.172300799958020251e-01
1.166245453914105390e-01
1.160622567402086747e-01
1.155427250352731583e-01
1.150654811234656238e-01
1.146300682979415481e-01
1.142360356771024155e-01
1.138829323345376676e-01
1.135703021456603568e-01
1.132976793177908614e-01
1.130645845714216141e-01
1.128705219412685368e-01
1.127149761665122152e-01
1.125974106403377639e-01
1.125172658895045030e-01
1.124739585552338716e-01
1.124668808471768755e-01
1.124954004426457488e-01
1.125588608036550420e-01
