1.262244135102432718e-01
1.275756768853376077e-01
1.290894433413495856e-01
1.307773837408766626e-01
1.326520774908106493e-01
1.347270914026679756e-01
1.370170639403677781e-01
1.395377949599946321e-01
1.423063409977671778e-01
1.453411161001752494e-01
1.486619981111146904e-01
1.522904402313501326e-01
1.562495875418433156e-01
1.605643980298095408e-01
1.652617674696482686e-01
1.703706572843365352e-01
1.759222242399529068e-01
1.819499504996352490e-01
1.884897721756585431e-01
1.955802040612262260e-01
2.032624576883149681e-01
2.115805492357432649e-01
2.205813930939558576e-01
2.303148760719895827e-01
2.408339063012140957e-01
2.521944298454948385e-01
2.644554068676403524e-01
2.776787379314370474e-01
2.919291296480977516e-01
3.072738874253043706e-01
3.237826215776203886e-01
3.415268515548997574e-01
3.605794916046463072e-01
3.810141998911252825e-01
4.029045720602189573e-01
4.263231596057868167e-01
4.513402933344422552e-01
4.780226929494641452e-01
5.064318455237462047e-01
5.366221386804664872e-01
5.686387389470165532e-01
6.025152123026977780e-01
6.382708927055081860e-01
6.759080156230575787e-01
7.154086474976825150e-01
7.567314587138889159e-01
7.998084068949390391e-01
8.445414188779031273e-01
8.907991828351418118e-01
9.384141856853482899e-01
9.871801537124798021e-01
1.036850074297482660e+00
1.087134991574963738e+00
1.137703776053417437e+00
1.188184065036897774e+00
1.238164554414378005e+00
1.287198790824251482e+00
1.334810564951353529e+00
1.380500941586678909e+00
1.423756881482513670e+00
1.464061317239749860e+00
1.500904445701429113e+00
1.533795899638764615e+00
1.562277370314926861e+00
1.585935178847688531e+00
1.604412246877286563e+00
1.617418903145104725e+00
1.624741986927181081e+00
1.626251773140183321e+00
1.621906344698755831e+00
1.611753168750603704e+00
1.595927784738102817e+00
1.574649671463045797e+00
1.548215514151580319e+00
1.516990228238232596e+00
1.481396203609997464e+00
1.441901304009751916e+00
1.399006187728098816e+00
1.353231508156886420e+00
1.305105510368496979e+00
1.255152469516261693e+00
1.203882327106776451e+00
1.151781781218835565e+00
1.099306985218451160e+00
1.046877913869515675e+00
9.948743716257643088e-01
9.436335489998930459e-01
8.934489810064037973e-01
8.445707268560328496e-01
7.972065711191633763e-01
7.515240413484192139e-01
7.076530430261261939e-01
6.656889268874434107e-01
6.256958234762071136e-01
5.877101028182840636e-01
5.517438413425080901e-01
5.177882020756778836e-01
4.858166565493070022e-01
4.557879970349904553e-01
4.276491052554511896e-01
4.013374584452352734e-01
3.767833656005971088e-01
3.539119361403113007e-01
3.326447902607290175e-01
3.129015253160600252e-01
2.946009559082229945e-01
2.776621473403015350e-01
2.620052629609194716e-01
2.475522459593270108e-01
2.342273555828374709e-01
2.219575767238918806e-01
2.106729205137386207e-01
2.003066320828624514e-01
1.907953200970565200e-01
1.820790211213756671e-01
1.741012103519490040e-01
1.668087688218528875e-01
1.601519158537962895e-01
1.540841143114168865e-01
1.485619550975829095e-01
1.435450263619555411e-01
1.389957720072832470e-01
1.348793433180062173e-01
1.311634468678894994e-01
1.278181912868005532e-01
1.248159349714917932e-01
1.221311364024421642e-01
1.197402083700183084e-01
1.176213771104840378e-01
1.157545470984334135e-01
1.141211720304408650e-01
1.127041323591965183e-01
1.114876195928627967e-01
1.104570274562685639e-01
1.095988499147965700e-01
1.089005859849606628e-01
1.083506511946851214e-01
1.079382955086535811e-01
1.076535274975470857e-01
1.074870445027456545e-01
1.074301685284766994e-01
1.074747875801958519e-01
1.076133021600172990e-01
1.078385766263558754e-01
1.081438951248120950e-01
1.085229218000621776e-01
1.089696650035480441e-01
1.094784452186607360e-01
1.100438664334355554e-01
1.106607907002642999e-01
1.113243156324331684e-01
1.120297545982397724e-01
1.127726193847822800e-01
1.135486051151075593e-01
1.143535772140871348e-01
1.151835602300506356e-01
1.160347283307281846e-01
1.169033973033439811e-01
1.177860178997072460e-01
1.186791703777665963e-01
1.195795601013151105e-01
1.204840140692916839e-01
1.213894782553989748e-01
1.222930156475433572e-01
1.231918048848627822e-01
1.240831393978791275e-01
1.249644269645714401e-01
1.258331896019549145e-01
1.266870637190876669e-01
1.275238004633285072e-01
1.283412661972048729e-01
1.291374430484267810e-01
1.299104294804628301e-01
1.306584408357299165e-01
1.313798098078632348e-01
1.320729868038007515e-01
1.327365401605600237e-01
1.333691561856531482e-01
1.339696389941156252e-01
1.345369101191492556e-01
1.350700078774017543e-01
1.355680864739861047e-01
1.360304148364264165e-01
1.364563751708736117e-01
1.368454612380954893e-01
1.371972763509290427e-01
1.375115310990524531e-01
1.377880408110606636e-01
1.380267227678533271e-01
1.382275931852634532e-01
1.383907639875683326e-01
1.385164393970104157e-01
1.386049123676718065e-01
1.386565608948777673e-01
1.386718442337899759e-01
1.386512990628440134e-01
1.385955356292294383e-01
1.385052339145986799e-01
1.383811398596421771e-01
1.382240616860439530e-01
1.380348663536101750e-01
1.378144761890874870e-01
1.375638657213196225e-01
1.372840587550205882e-01
1.369761257125243770e-01
1.366411812695766947e-01
1.362803823074835163e-01
1.358949261999388147e-01
1.354860494485881084e-01
1.350550266770179642e-01
1.346031699884463473e-01
1.341318286880377464e-01
1.336423893666041640e-01
1.331362763385494086e-01
1.326149524234010446e-01
1.320799200572445598e-01
1.315327227179069469e-01
1.309749466459421696e-01
1.304082228423995571e-01
1.298342293240956069e-01
1.292546936176892647e-01
1.286713954753365696e-01
1.280861697970891999e-01
1.275009097484949283e-01
1.269175700660870876e-01
1.263381705485395190e-01
1.257647997372291493e-01
1.251996187966920582e-01
1.246448656129568455e-01
1.241028591358784017e-01
1.235760040003393012e-01
1.230667954703804495e-01
1.225778247599525334e-01
1.221117847938591183e-01
1.216714764825757716e-01
1.212598155948118039e-01
1.208798403218944301e-01
1.205347196381694602e-01
1.202277625715938436e-01
1.199624285084272268e-01
1.197423386654102029e-01
1.195712888719412947e-01
1.194532638135546720e-01
1.193924528963835885e-01
1.193932679002941144e-01
1.194603625959492765e-01
1.195986545082466934e-01
1.198133490153099889e-01
1.201099659785659357e-01
1.204943691052975940e-01
1.209727982504835708e-01
1.215519048695619109e-01
1.222387908379526933e-01
1.230410508565475958e-01
1.239668186647202019e-01
1.250248172834231841e-01
