2.419094011709205516e-01
2.399934583097108609e-01
2.381101730833851404e-01
2.362548416090066161e-01
2.344232159110006541e-01
2.326114821271447197e-01
2.308162393806607593e-01
2.290344792860914414e-01
2.272635660547561720e-01
2.255012171648350661e-01
2.237454845613287280e-01
2.219947363521222183e-01
2.202476389679611790e-01
2.185031397562347821e-01
2.167604499808739316e-01
2.150190282033688227e-01
2.132785640227429225e-01
2.115389621552497545e-01
2.098003268374954988e-01
2.080629465395983091e-01
2.063272789778100580e-01
2.045939364187453757e-01
2.028636712699253830e-01
2.011373619537759616e-01
1.994159990644748526e-01
1.977006718091542659e-01
1.959925547369009702e-01
1.942928947608112134e-01
1.926029984800064487e-01
1.909242198100712107e-01
1.892579479318021729e-01
1.876055955695105637e-01
1.859685876113815195e-01
1.843483500856122337e-01
1.827462995072003382e-01
1.811638326113813591e-01
1.796023164907836200e-01
1.780630791544342006e-01
1.765474005277502534e-01
1.750565039136338097e-01
1.735915479357112989e-01
1.721536189856150978e-01
1.707437241969903541e-01
1.693627849695868992e-01
1.680116310673386293e-01
1.666909953147456269e-01
1.654015089160814078e-01
1.641436974219583345e-01
1.629179773675588083e-01
1.617246536063340900e-01
1.605639173621847826e-01
1.594358450220143553e-01
1.583403976890958020e-01
1.572774215158725397e-01
1.562466488326110792e-01
1.552477000857632738e-01
1.542800865969233826e-01
1.533432141499369017e-01
1.524363874100141403e-01
1.515588151746559142e-01
1.507096164518375581e-01
1.498878273562579966e-01
1.490924088095918476e-01
1.483222550256148020e-01
1.475762027559164857e-01
1.468530412666645413e-01
1.461515230116924302e-01
1.454703749620527287e-01
1.448083105472545151e-01
1.441640421587278564e-01
1.435362941617415178e-01
1.429238163581124654e-01
1.423253978386949670e-01
1.417398811618725274e-01
1.411661767922080535e-01
1.406032777320850302e-01
1.400502742786643440e-01
1.395063688388478162e-01
1.389708907362147139e-01
1.384433109461051803e-01
1.379232566982188102e-01
1.374105258902122983e-01
1.369051012608939188e-01
1.364071642776138460e-01
1.359171086993567201e-01
1.354355537847662938e-01
1.349633571228260331e-01
1.345016270730550745e-01
1.340517348118328844e-01
1.336153259916203762e-01
1.331943320303976275e-01
1.327909810593488893e-01
1.324078085676273775e-01
1.320476677937338361e-01
1.317137399235179807e-01
1.314095441648699403e-01
1.311389477786822355e-01
1.309061761544254021e-01
1.307158230265638432e-01
1.305728609348257852e-01
1.304826520369020970e-01
1.304509593862652472e-01
1.304839587903217080e-01
1.305882513648185250e-01
1.307708768991567849e-01
1.310393281437749191e-01
1.314015661248635058e-01
1.318660365831124948e-01
1.324416876217049954e-01
1.331379886340860186e-01
1.339649505638481619e-01
1.349331475270140468e-01
1.360537398007090060e-01
1.373384981512606740e-01
1.387998294386734999e-01
1.404508033926889221e-01
1.423051804076815585e-01
1.443774401488471248e-01
1.466828106998353254e-01
1.492372979114778841e-01
1.520577145317676404e-01
1.551617086080646357e-01
1.585677905527822507e-01
1.622953581528612521e-01
1.663647186804077527e-01
1.707971071264120233e-01
1.756146994309690790e-01
1.808406194216868879e-01
1.864989379970571626e-01
1.926146629039320324e-01
1.992137172589130978e-01
2.063229047540608430e-01
2.139698592703734581e-01
2.221829764014829900e-01
2.309913241696954223e-01
2.404245300031005450e-01
2.505126408438703711e-01
2.612859530839610755e-01
2.727748088873006571e-01
2.850093553717409911e-01
2.980192631066967968e-01
3.118334004534856208e-01
3.264794604574957626e-01
3.419835373198674144e-01
3.583696499588295836e-01
3.756592108465802160e-01
3.938704392065204285e-01
4.130177188072544636e-01
4.331109020210584526e-01
4.541545635479646847e-01
4.761472092571160108e-01
4.990804479688204509e-01
5.229381366832591693e-01
5.476955127258466005e-01
5.733183294723953605e-01
5.997620156599252628e-01
6.269708816706793808e-01
6.548773994539774934e-01
6.834015857451714027e-01
7.124505207430589238e-01
7.419180361789847744e-01
7.716846074957816048e-01
8.016174843896367586e-01
8.315710920005745521e-01
8.613877313471045571e-01
8.908986020235221126e-01
9.199251626325679609e-01
9.482808349381688373e-01
9.757730464499938527e-01
1.002205593398128869e+00
1.027381292280587832e+00
1.051104873974983756e+00
1.073186060531742037e+00
1.093442752033433774e+00
1.111704240175273029e+00
1.127814357332257655e+00
1.141634465568824863e+00
1.153046189888556672e+00
1.161953804352433561e+00
1.168286188569554351e+00
1.171998285229257863e+00
1.173072006233358611e+00
1.171516554756582007e+00
1.167368152144188986e+00
1.160689180737928039e+00
1.151566775247748309e+00
1.140110914953694099e+00
1.126452085775016876e+00
1.110738594253673384e+00
1.093133624221667821e+00
1.073812131120292612e+00
1.052957668686071102e+00
1.030759238363548214e+00
1.007408243927271130e+00
9.830956231356043906e-01
9.580092156296553529e-01
9.323314125847855793e-01
9.062371196311245214e-01
8.798920510022876229e-01
8.534513603397576587e-01
8.270586025188326751e-01
8.008450115634813127e-01
7.749290723302115769e-01
7.494163581857132828e-01
7.243996032949823194e-01
6.999589762115936420e-01
6.761625210017880860e-01
6.530667328907129310e-01
6.307172371349869522e-01
6.091495422498928169e-01
5.883898416205144422e-01
5.684558406997850533e-01
5.493575902703424774e-01
5.310983094821293271e-01
5.136751854672335638e-01
4.970801392006793384e-01
4.813005498705672514e-01
4.663199323150027942e-01
4.521185640669013184e-01
4.386740602252051091e-01
4.259618957569456521e-01
4.139558759506905550e-01
4.026285566144918171e-01
3.919516162688846395e-01
3.818961830568427529e-01
3.724331194060150341e-01
3.635332676607185842e-01
3.551676599764066466e-01
3.473076957594863901e-01
3.399252898596423211e-01
3.329929945967233795e-01
3.264840985437412746e-01
3.203727048032790625e-01
3.146337913160356381e-01
3.092432555350316248e-01
3.041779455930535558e-01
2.994156798888419346e-01
2.949352568226665250e-01
2.907164562267051666e-01
2.867400338616334921e-01
2.829877101890185820e-01
2.794421544799244872e-01
2.760869651836715954e-01
2.729066473567119955e-01
2.698865878396421447e-01
2.670130287699145066e-01
2.642730399281254527e-01
2.616544903361244234e-01
2.591460194548561025e-01
2.567370082680319188e-01
2.544175504836995172e-01
2.521784240388370568e-01
2.500110630515047228e-01
2.479075303302964717e-01
2.458604905211475011e-01
2.438631839465084106e-01
