6.122623476313668323e-02
5.971770809804864688e-02
5.850102541899764030e-02
5.752857936320995846e-02
5.676063428122821858e-02
5.616402804963828432e-02
5.571106232332675989e-02
5.537855483698055081e-02
5.514703238232244314e-02
5.500004712216007702e-02
5.492360196107196058e-02
5.490567286465750096e-02
5.493581744810206724e-02
5.500486001219696830e-02
5.510464366944968495e-02
5.522784044240147683e-02
5.536781037566348984e-02
5.551850089718299297e-02
5.567437797472982175e-02
5.583038109090965317e-02
5.598189472706938119e-02
5.612472990410033447e-02
5.625511036047387003e-02
5.636965912641667131e-02
5.646538253926225437e-02
5.653965009023020905e-02
5.659016983826065106e-02
5.661496040169339272e-02
5.661232166231272567e-02
5.658080719937574887e-02
5.651920202307469943e-02
5.642650931523401914e-02
5.630194954903194882e-02
5.614497452323902182e-02
5.595529753180261689e-02
5.573293917477672998e-02
5.547828633870949266e-02
5.519215982355490935e-02
5.487588419711622589e-02
5.453135196020178488e-02
5.416107323578811528e-02
5.376820213817862237e-02
5.335653184389142767e-02
5.293045218825423448e-02
5.249486625490548675e-02
5.205506570659904075e-02
5.161656823042548581e-02
5.118492408247193870e-02
5.076550193757058821e-02
5.036326672368014734e-02
4.998256355963066888e-02
4.962692213666124175e-02
4.929889483616263501e-02
4.899993964600245222e-02
4.873035574475451798e-02
4.848927579182502751e-02
4.827471488283241463e-02
4.808367221270275216e-02
4.791227811056265884e-02
4.775597656942352776e-02
4.760973187607010770e-02
4.746824750710666729e-02
4.732618601841517836e-02
4.717838002557755983e-02
4.702002627928837664e-02
4.684685697216967037e-02
4.665528447140272761e-02
4.644251740893511060e-02
4.620664731924900570e-02
4.594670574187662004e-02
4.566269195745134568e-02
4.535557144811636077e-02
4.502724497072861654e-02
4.468048802826193877e-02
4.431886072038929147e-02
4.394658858497076104e-02
4.356841615474105200e-02
4.318943649293799369e-02
4.281490178705710248e-02
4.245002194661590122e-02
4.209975980467017820e-02
4.176863270220687596e-02
4.146053072180966304e-02
4.117856149405452193e-02
4.092493029140403804e-02
4.070086212480994448e-02
4.050656994401136135e-02
4.034127006754273381e-02
4.020324292921761966e-02
4.008993442331520995e-02
3.999809082236638336e-02
3.992391862070665542e-02
3.986325982319360861e-02
3.981177315184125654e-02
3.976511229165569095e-02
3.971909347703783677e-02
3.966984622563640706e-02
3.961394264281037358e-02
3.954850225581141299e-02
3.947127065135291879e-02
3.938067120831523216e-02
3.927582993414491241e-02
3.915657388665139127e-02
3.902340399446102559e-02
3.887744340173071578e-02
3.872036287149133171e-02
3.855428537220173535e-02
3.838167277943840827e-02
3.820519862643959041e-02
3.802761195276066486e-02
3.785159840114815655e-02
3.767964564055881205e-02
3.751392078253276696e-02
3.735616756034099151e-02
3.720763054625302046e-02
3.706901253938223173e-02
3.694046947985871188e-02
3.682164491977464593e-02
3.671174335794483851e-02
3.660963882759476345e-02
3.651401225256192123e-02
3.642350851121842203e-02
3.633690211141804571e-02
3.625325909528923779e-02
3.617208241752321862e-02
3.609342866291365137e-02
3.601798559502374791e-02
3.594710257846422952e-02
3.588276922898095411e-02
3.582754148086060575e-02
3.578441832539429324e-02
3.575667643843971621e-02
3.574767344415243769e-02
3.576063334356441303e-02
3.579842941150215840e-02
3.586338045264568508e-02
3.595707562542873464e-02
3.608024111914676785e-02
3.623265894468225001e-02
3.641314421403653301e-02
3.661958286148407626e-02
3.684902717563943997e-02
3.709784216104343446e-02
3.736189200436840219e-02
3.763675310251105022e-02
3.791793844928229018e-02
3.820111779658655338e-02
3.848231890727682458e-02
3.875809728414103539e-02
3.902566477210367424e-02
3.928297108825534734e-02
3.952873628892661362e-02
3.976243607573970440e-02
3.998424533930433622e-02
4.019494816218333044e-02
4.039582445443051784e-02
4.058852437194543361e-02
4.077494166416917309e-02
4.095709619775567134e-02
4.113703426641140970e-02
4.131675313737409594e-02
4.149815384440241894e-02
4.168302376240307083e-02
4.187304821863735427e-02
4.206984850193357106e-02
4.227504226742534454e-02
4.249032158632279343e-02
4.271754378686257181e-02
4.295883074848383387e-02
4.321667337547741017e-02
4.349403948334144843e-02
4.379448515446829338e-02
4.412227162662005209e-02
4.448249184277711099e-02
4.488121280985009343e-02
4.532564181349044152e-02
4.582432628283756443e-02
4.638739870134604704e-02
4.702687946881047021e-02
4.775705212356713691e-02
4.859492694888230269e-02
4.956081084554904426e-02
5.067900358565560065e-02
5.197864328536238449e-02
5.349472722692030779e-02
5.526933804662428895e-02
5.735310973355296771e-02
5.980697269802583149e-02
6.270422207461592845e-02
6.613295794021625817e-02
7.019894951073835099e-02
7.502897652252320249e-02
8.077469828219328851e-02
8.761709193192046552e-02
9.577148297209921168e-02
1.054931582963156006e-01
1.170834984254612854e-01
1.308964825356569717e-01
1.473452958650709188e-01
1.669085899413792762e-01
1.901356951452803923e-01
2.176497448482500874e-01
2.501472257719731251e-01
2.883919147730688581e-01
3.332005136133613932e-01
3.854166057439296078e-01
4.458689538228888249e-01
5.153098527652018035e-01
5.943295988489261106e-01
6.832446204206206186e-01
7.819600322940378767e-01
8.898128817030488413e-01
1.005410386368682740e+00
1.126487492801582668e+00
1.249818272839625877e+00
1.371222543698902285e+00
1.485707784971741496e+00
1.587772111050465895e+00
1.671864585861984498e+00
1.732958110241603844e+00
1.767148310531463373e+00
1.772165234497171005e+00
1.747687699468646105e+00
1.695387632292387536e+00
1.618694034926610792e+00
1.522332100755510842e+00
1.411739586161300686e+00
1.292476082875251508e+00
1.169722040518605954e+00
1.047925592141355722e+00
9.306126597820717494e-01
8.203421871520590880e-01
7.187694012773166996e-01
6.267750973166474893e-01
5.446238063761394965e-01
4.721233141858804938e-01
4.087683530184573755e-01
3.538600417019693301e-01
3.065989121976774312e-01
2.661532007455966742e-01
2.317060099619286107e-01
2.024855767757050562e-01
1.777827378935805114e-01
1.569591550089861065e-01
1.394491951032792443e-01
1.247577002518768102e-01
1.124552976658168280e-01
1.021724208862419825e-01
9.359283845160068505e-02
8.644720572631954536e-02
8.050695277877498168e-02
7.557867954608660233e-02
7.149913400273824604e-02
6.813078719434249864e-02
6.535798103868778464e-02
6.308360339920728033e-02
