2.833614355492247716e-02
2.825931348035648494e-02
2.818355991706034125e-02
2.810864033779997273e-02
2.803451341971617550e-02
2.796136173463978358e-02
2.788961052261740292e-02
2.781994347836405646e-02
2.775331766620887930e-02
2.769098099054775886e-02
2.763449697586459197e-02
2.758578284404761272e-02
2.754716792516637147e-02
2.752148024018005734e-02
2.751216963128345905e-02
2.752347611747851808e-02
2.756065230090435497e-02
2.763024877559951131e-02
2.774047177440564643e-02
2.790162295347618782e-02
2.812663251501617070e-02
2.843169909271409113e-02
2.883705327285730757e-02
2.936786660007344868e-02
3.005533470074917349e-02
3.093797197793818690e-02
3.206316632980160675e-02
3.348905553656110479e-02
3.528680221189957333e-02
3.754336120985447139e-02
4.036485159976956755e-02
4.388066398582728123e-02
4.824845184554530514e-02
5.366017071904772423e-02
6.034933813648853118e-02
6.859968440009113488e-02
7.875534031008420144e-02
9.123264787640043838e-02
1.065335621338572292e-01
1.252604057345774735e-01
1.481314021995341068e-01
1.759958968822712688e-01
2.098474153188136793e-01
2.508316401584639865e-01
3.002449509138288564e-01
3.595173391937609431e-01
4.301713443740029508e-01
5.137463890199638339e-01
6.116761057471487018e-01
7.251060656346581812e-01
8.546426090307308598e-01
1.000032789478690454e+00
1.159793360965320375e+00
1.330834370856961879e+00
1.508157458686217423e+00
1.684741086176414049e+00
1.851737814967809870e+00
1.999081479097309266e+00
2.116519781496066788e+00
2.194956958050292339e+00
2.227850965437704112e+00
2.212325326764279509e+00
2.149686178929595126e+00
2.045190399123034020e+00
1.907133563014710598e+00
1.745519348532478920e+00
1.570655120777818103e+00
1.391974267281630873e+00
1.217258403669720046e+00
1.052290260747760442e+00
9.008635782785719970e-01
7.650286978159708262e-01
6.454528929736854659e-01
5.418019613720532757e-01
4.530847736173627682e-01
3.779332131421318519e-01
3.148114884179946671e-01
2.621612023596823215e-01
2.184940075568749251e-01
1.824447124262373876e-01
1.527964174209112680e-01
1.284870559667220247e-01
1.086044001102182688e-01
9.237455442557315766e-02
7.914733690379574527e-02
6.838073115264269031e-02
5.962573053135797330e-02
5.251230590022053224e-02
4.673684291498839127e-02
4.205115299495634784e-02
3.825301875415423880e-02
3.517815661346328920e-02
3.269344317315633908e-02
3.069124179216608031e-02
2.908467107261678009e-02
2.780367063766472566e-02
2.679173723723548770e-02
2.600322296425228857e-02
2.540110541794378396e-02
2.495515591425528229e-02
2.464044569817220795e-02
2.443614128920276046e-02
2.432454859049408905e-02
2.429037143273015883e-02
2.432015419540785664e-02
2.440188055921968871e-02
2.452470186403328534e-02
2.467876954472304762e-02
2.485514719323077618e-02
2.504577933019584701e-02
2.524349618377934312e-02
2.544203671040893427e-02
2.563607562650001975e-02
2.582124408934628745e-02
2.599413752172911179e-02
2.615230754927082291e-02
2.629423778680917145e-02
2.641930504551517900e-02
2.652772835165097265e-02
2.662050804202031884e-02
2.669935634648386291e-02
2.676661961042678395e-02
2.682519103167799179e-02
2.687841186127076787e-02
2.692995874895835751e-02
2.698371548300318445e-02
2.704362880433824889e-02
2.711355012945157461e-02
2.719706761125123551e-02
2.729733561710256939e-02
2.741691097884091377e-02
2.755760686464020504e-02
2.772037551825752566e-02
2.790523022774035744e-02
2.811121471452621146e-02
2.833642484401024952e-02
2.857808347785854852e-02
2.883266486091476399e-02
2.909606066377259936e-02
2.936377617932056650e-02
2.963114261696225826e-02
2.989353024215399279e-02
3.014654739665804939e-02
3.038621215323483726e-02
3.060908628663634029e-02
3.081236502520783016e-02
3.099392024375640514e-02
3.115229890191283102e-02
3.128668218947736057e-02
3.139681366237911941e-02
3.148290641287168623e-02
3.154553992859124995e-02
3.158555680892682210e-02
3.160396809453379363e-02
3.160187388301846645e-02
3.158040345143035832e-02
3.154067658677367492e-02
3.148378550664176351e-02
3.141079483784764426e-02
3.132275573843863736e-02
3.122072944485678944e-02
3.110581527803368135e-02
3.097917837376667344e-02
3.084207300633200199e-02
3.069585823239032174e-02
3.054200358467947310e-02
3.038208360052131740e-02
3.021776101076982871e-02
3.005075939380743785e-02
2.988282698469371668e-02
2.971569409603755374e-02
2.955102722764161444e-02
2.939038338330367955e-02
2.923516833562757322e-02
2.908660254143105584e-02
2.894569807559162211e-02
2.881324930070178203e-02
2.868983903135766123e-02
2.857586072735412985e-02
2.847155583929669720e-02
2.837706394773695240e-02
2.829248192355146574e-02
2.821792714533405411e-02
2.815359898563551955e-02
2.809983244368541300e-02
2.805713803738435486e-02
2.802622289597933580e-02
2.800798937845300207e-02
2.800350938027085235e-02
2.801397462693511198e-02
2.804062549069030741e-02
2.808466298999473532e-02
2.814715042532078826e-02
2.822891237977720458e-02
2.833043942502744272e-02
2.845180674000069576e-02
2.859261396179557657e-02
2.875195200916458305e-02
2.892840048244638140e-02
2.912005674012374534e-02
2.932459511049256839e-02
2.953935216259395702e-02
2.976143177141965523e-02
2.998782207445982451e-02
3.021551548393941466e-02
3.044162277765138924e-02
3.066347295073934553e-02
3.087869190321490542e-02
3.108525502522346828e-02
3.128151112998250882e-02
3.146617774302656878e-02
3.163831024395091784e-02
3.179724954373372436e-02
3.194255467251813640e-02
3.207392770847009023e-02
3.219113882247942593e-02
3.229395884081866924e-02
3.238210570073399297e-02
3.245520961277315042e-02
3.251279981236493422e-02
3.255431367110474261e-02
3.257912684113391244e-02
3.258660120778238828e-02
3.257614588278588685e-02
3.254728540005453336e-02
3.249972874883787916e-02
3.243343291625903901e-02
3.234865518557757114e-02
3.224598947786833092e-02
3.212638342730032154e-02
3.199113451251048984e-02
3.184186528299820518e-02
3.168047937197680103e-02
3.150910143737774283e-02
3.133000530336461920e-02
3.114553529941156695e-02
3.095802606489663975e-02
3.076972589947669923e-02
3.058272813210838326e-02
3.039891403334481906e-02
3.021990961726516572e-02
3.004705740203465758e-02
2.988140295812143771e-02
2.972369499691905614e-02
2.957439694124175400e-02
2.943370743713039084e-02
2.930158713353318845e-02
2.917778924674380159e-02
2.906189187308076682e-02
2.895333061886642967e-02
2.885143076874599477e-02
2.875543880102565675e-02
2.866455349003883823e-02
2.857795705116963902e-02
2.849484676614300049e-02
2.841446730029492662e-02
