1.126565818846482214e-01
1.127878612039974193e-01
1.129519752528324039e-01
1.131481812146479804e-01
1.133757189697294221e-01
1.136338133584761101e-01
1.139216766780343226e-01
1.142385113869529567e-01
1.145835129929032581e-01
1.149558730989110877e-01
1.153547825840066654e-01
1.157794348947329688e-01
1.162290294245714728e-01
1.167027749590605623e-01
1.171998931651897502e-01
1.177196221045748725e-01
1.182612197509519403e-01
1.188239674936728552e-01
1.194071736101560699e-01
1.200101766916377155e-01
1.206323490080747352e-01
1.212730997996913640e-01
1.219318784844067860e-01
1.226081777722575206e-01
1.233015366798965173e-01
1.240115434403529227e-01
1.247378383054073003e-01
1.254801162402253700e-01
1.262381295122468328e-01
1.270116901787768926e-01
1.278006724802108751e-01
1.286050151484063320e-01
1.294247236423029523e-01
1.302598723255487534e-01
1.311106066035491735e-01
1.319771450400559765e-01
1.328597814760902884e-01
1.337588871767045884e-01
1.346749130337546729e-01
1.356083918555285872e-01
1.365599407767048579e-01
1.375302638247290488e-01
1.385201546812463991e-01
1.395304996797603059e-01
1.405622810831421710e-01
1.416165806870329502e-01
1.426945837975266418e-01
1.437975836338009628e-01
1.449269862085822425e-01
1.460843157414566384e-01
1.472712206620976905e-01
1.484894802624419641e-01
1.497410120587082394e-01
1.510278799259097693e-01
1.523523030691462665e-01
1.537166658974479516e-01
1.551235288672848101e-01
1.565756403639907701e-01
1.580759496902824357e-01
1.596276212317140619e-01
1.612340498692610702e-01
1.628988777092076068e-01
1.646260122000489101e-01
1.664196457051148326e-01
1.682842765979912780e-01
1.702247319453906449e-01
1.722461918388067947e-01
1.743542154318492854e-01
1.765547687344174999e-01
1.788542542075713393e-01
1.812595421938152929e-01
1.837780042061801511e-01
1.864175480855993494e-01
1.891866550191567131e-01
1.920944183913506631e-01
1.951505844159691083e-01
1.983655944668416549e-01
2.017506289908903017e-01
2.053176528456936989e-01
2.090794618552600515e-01
2.130497303208593873e-01
2.172430591574347480e-01
2.216750242490574396e-01
2.263622245277820411e-01
2.313223291776605461e-01
2.365741232481077816e-01
2.421375508267470666e-01
2.480337547697503697e-01
2.542851118160819324e-01
2.609152617195495960e-01
2.679491288180609887e-01
2.754129342221153243e-01
2.833341965440249188e-01
2.917417188059310829e-01
3.006655588595821271e-01
3.101369803263618330e-01
3.201883807260141879e-01
3.308531931124559788e-01
3.421657571828494171e-01
3.541611554821797458e-01
3.668750100036407558e-01
3.803432342025012680e-01
3.946017352193814665e-01
4.096860609742277726e-01
4.256309867760809107e-01
4.424700362325855729e-01
4.602349315791181006e-01
4.789549691273875531e-01
4.986563164087198796e-01
5.193612288121558507e-01
5.410871851471078520e-01
5.638459436475563580e-01
5.876425225266190822e-01
6.124741123224846095e-01
6.383289309675959089e-01
6.651850367561248367e-01
6.930091191407912188e-01
7.217552924776116097e-01
7.513639233243259996e-01
7.817605274946979321e-01
8.128547785220381350e-01
8.445396741699972010e-01
8.766909117617476266e-01
9.091665259401509047e-01
9.418068435438909924e-01
9.744348090992563938e-01
1.006856730520488519e+00
1.038863487589164025e+00
1.070232235371856966e+00
1.100728620837788441e+00
1.130109513684920408e+00
1.158126232176032389e+00
1.184528222326395763e+00
1.209067125073995275e+00
1.231501142378454983e+00
1.251599591025173819e+00
1.269147513862881826e+00
1.283950203873130747e+00
1.295837488301961438e+00
1.304667619214053609e+00
1.310330623949776729e+00
1.312750984213524097e+00
1.311889535420346142e+00
1.307744507383758803e+00
1.300351661794802549e+00
1.289783519147940760e+00
1.276147705487607587e+00
1.259584485206591387e+00
1.240263577912767756e+00
1.218380383236545628e+00
1.194151756024409705e+00
1.167811484898168217e+00
1.139605629525005881e+00
1.109787866601372741e+00
1.078614982467305694e+00
1.046342632773694881e+00
1.013221468284571269e+00
9.794937023439652668e-01
9.453901713422759867e-01
9.111279160747272066e-01
8.769082903348641711e-01
8.429155842728257575e-01
8.093161345080088775e-01
7.762578809656673906e-01
7.438703219017095414e-01
7.122648133818609839e-01
6.815351572355811127e-01
6.517584217636951394e-01
6.229959417494652651e-01
5.952944481100161944e-01
5.686872823605571003e-01
5.431956565288732497e-01
5.188299248954395537e-01
4.955908396560927409e-01
4.734707680876931724e-01
4.524548538833690903e-01
4.325221099090487131e-01
4.136464336600484959e-01
3.957975401462242027e-01
3.789418098162042337e-01
3.630430514760590865e-01
3.480631820099424067e-01
3.339628261225554007e-01
3.207018403522067240e-01
3.082397663054876058e-01
2.965362184945737889e-01
2.855512123664131208e-01
2.752454381450989418e-01
2.655804860046522275e-01
2.565190278837984339e-01
2.480249609762747998e-01
2.400635176039132290e-01
2.326013458247602195e-01
2.256065647604317548e-01
2.190487982577482007e-01
2.128991901386166063e-01
2.071304039456622337e-01
2.017166097638770084e-01
1.966334603934282721e-01
1.918580588674217713e-01
1.873689190513972425e-01
1.831459208285632356e-01
1.791702611654731880e-01
1.754244021659711050e-01
1.718920170553581706e-01
1.685579348903954444e-01
1.654080846622971723e-01
1.624294393477313525e-01
1.596099603653950982e-01
1.569385428114821734e-01
1.544049617748529113e-01
1.519998199706243391e-01
1.497144968779697272e-01
1.475410995230409528e-01
1.454724150100664415e-01
1.435018648719258993e-01
1.416234612850279240e-01
1.398317651714043874e-01
1.381218461929218100e-01
1.364892446278530846e-01
1.349299351082341447e-01
1.334402921870360692e-01
1.320170576968221487e-01
1.306573098559296875e-01
1.293584340740047134e-01
1.281180954057254129e-01
1.269342125995275850e-01
1.258049336869594415e-01
1.247286130577535956e-01
1.237037899657156270e-01
1.227291684109678149e-01
1.218035983448608750e-01
1.209260581449077554e-01
1.200956383083313095e-01
1.193115263141960869e-01
1.185729926055716366e-01
1.178793776447139841e-01
1.172300799958134188e-01
1.166245453914220853e-01
1.160622567402201932e-01
1.155427250352847879e-01
1.150654811234772534e-01
1.146300682979533581e-01
1.142360356771140451e-01
1.138829323345493250e-01
1.135703021456719863e-01
1.132976793178025465e-01
1.130645845714330910e-01
1.128705219412797778e-01
1.127149761665234839e-01
1.125974106403487274e-01
1.125172658895152722e-01
1.124739585552444465e-01
1.124668808471872561e-01
1.124954004426559351e-01
1.125588608036651728e-01
