6.122623476313785590e-02
5.971770809805009017e-02
5.850102541899915298e-02
5.752857936321165155e-02
5.676063428122987697e-02
5.616402804964015782e-02
5.571106232332884156e-02
5.537855483698288228e-02
5.514703238232473298e-02
5.500004712216270686e-02
5.492360196107456266e-02
5.490567286466033203e-02
5.493581744810487055e-02
5.500486001219997978e-02
5.510464366945286296e-02
5.522784044240491852e-02
5.536781037566704256e-02
5.551850089718679548e-02
5.567437797473381855e-02
5.583038109091387202e-02
5.598189472707360004e-02
5.612472990410488638e-02
5.625511036047836644e-02
5.636965912642138976e-02
5.646538253926708384e-02
5.653965009023492749e-02
5.659016983826525848e-02
5.661496040169805566e-02
5.661232166231700003e-02
5.658080719937963465e-02
5.651920202307836316e-02
5.642650931523762736e-02
5.630194954903477988e-02
5.614497452324140880e-02
5.595529753180439325e-02
5.573293917477828430e-02
5.547828633871032533e-02
5.519215982355507588e-02
5.487588419711586507e-02
5.453135196020097997e-02
5.416107323578689403e-02
5.376820213817690153e-02
5.335653184388947090e-02
5.293045218825165321e-02
5.249486625490246139e-02
5.205506570659562682e-02
5.161656823042165554e-02
5.118492408246760883e-02
5.076550193756595997e-02
5.036326672367522073e-02
4.998256355962529818e-02
4.962692213665546859e-02
4.929889483615655654e-02
4.899993964599607538e-02
4.873035574474757214e-02
4.848927579181776248e-02
4.827471488282482348e-02
4.808367221269498754e-02
4.791227811055454033e-02
4.775597656941530517e-02
4.760973187606175328e-02
4.746824750709829899e-02
4.732618601840691414e-02
4.717838002556928867e-02
4.702002627928029976e-02
4.684685697216187800e-02
4.665528447139535850e-02
4.644251740892804681e-02
4.620664731924244151e-02
4.594670574187061096e-02
4.566269195744586396e-02
4.535557144811169783e-02
4.502724497072466137e-02
4.468048802825863586e-02
4.431886072038671021e-02
4.394658858496872100e-02
4.356841615473971974e-02
4.318943649293699449e-02
4.281490178705663063e-02
4.245002194661570694e-02
4.209975980467034473e-02
4.176863270220698698e-02
4.146053072181005161e-02
4.117856149405485500e-02
4.092493029140442662e-02
4.070086212481016652e-02
4.050656994401180544e-02
4.034127006754284483e-02
4.020324292921761966e-02
4.008993442331509893e-02
3.999809082236627233e-02
3.992391862070621134e-02
3.986325982319316452e-02
3.981177315184070142e-02
3.976511229165524686e-02
3.971909347703739268e-02
3.966984622563601848e-02
3.961394264281015154e-02
3.954850225581141299e-02
3.947127065135336288e-02
3.938067120831545420e-02
3.927582993414602264e-02
3.915657388665239047e-02
3.902340399446227459e-02
3.887744340173210356e-02
3.872036287149296929e-02
3.855428537220353946e-02
3.838167277944028177e-02
3.820519862644156106e-02
3.802761195276277428e-02
3.785159840115024515e-02
3.767964564056106025e-02
3.751392078253514006e-02
3.735616756034337155e-02
3.720763054625535887e-02
3.706901253938458402e-02
3.694046947986119600e-02
3.682164491977712312e-02
3.671174335794721855e-02
3.660963882759719901e-02
3.651401225256430128e-02
3.642350851122088534e-02
3.633690211142032167e-02
3.625325909529144436e-02
3.617208241752536968e-02
3.609342866291564977e-02
3.601798559502544100e-02
3.594710257846601975e-02
3.588276922898233495e-02
3.582754148086188251e-02
3.578441832539508427e-02
3.575667643844038235e-02
3.574767344415274994e-02
3.576063334356444079e-02
3.579842941150201963e-02
3.586338045264526875e-02
3.595707562542801300e-02
3.608024111914591436e-02
3.623265894468110510e-02
3.641314421403538115e-02
3.661958286148268849e-02
3.684902717563789953e-02
3.709784216104175525e-02
3.736189200436662583e-02
3.763675310250916284e-02
3.791793844928026402e-02
3.820111779658444395e-02
3.848231890727460414e-02
3.875809728413881494e-02
3.902566477210134277e-02
3.928297108825307138e-02
3.952873628892422664e-02
3.976243607573731742e-02
3.998424533930183822e-02
4.019494816218072142e-02
4.039582445442818637e-02
4.058852437194293561e-02
4.077494166416661958e-02
4.095709619775345089e-02
4.113703426640902272e-02
4.131675313737220856e-02
4.149815384440080912e-02
4.168302376240184959e-02
4.187304821863613302e-02
4.206984850193318248e-02
4.227504226742540006e-02
4.249032158632320977e-02
4.271754378686362652e-02
4.295883074848561023e-02
4.321667337547965837e-02
4.349403948334437664e-02
4.379448515447169343e-02
4.412227162662388236e-02
4.448249184278135759e-02
4.488121280985487432e-02
4.532564181349546528e-02
4.582432628284283105e-02
4.638739870135146631e-02
4.702687946881606990e-02
4.775705212357268109e-02
4.859492694888786768e-02
4.956081084555439414e-02
5.067900358566082564e-02
5.197864328536745682e-02
5.349472722692509563e-02
5.526933804662865352e-02
5.735310973355688124e-02
5.980697269802933563e-02
6.270422207461896769e-02
6.613295794021886720e-02
7.019894951074048817e-02
7.502897652252482619e-02
8.077469828219437098e-02
8.761709193192132594e-02
9.577148297209983618e-02
1.054931582963161973e-01
1.170834984254618266e-01
1.308964825356576656e-01
1.473452958650722233e-01
1.669085899413812468e-01
1.901356951452833621e-01
2.176497448482543895e-01
2.501472257719788983e-01
2.883919147730764632e-01
3.332005136133714407e-01
3.854166057439422088e-01
4.458689538229047011e-01
5.153098527652211214e-01
5.943295988489492032e-01
6.832446204206480411e-01
7.819600322940696291e-01
8.898128817030844795e-01
1.005410386368722264e+00
1.126487492801625079e+00
1.249818272839670286e+00
1.371222543698946694e+00
1.485707784971784573e+00
1.587772111050504975e+00
1.671864585862018249e+00
1.732958110241630045e+00
1.767148310531480249e+00
1.772165234497177444e+00
1.747687699468642553e+00
1.695387632292373770e+00
1.618694034926587921e+00
1.522332100755481088e+00
1.411739586161265603e+00
1.292476082875212651e+00
1.169722040518565542e+00
1.047925592141314866e+00
9.306126597820320034e-01
8.203421871520214514e-01
7.187694012772818386e-01
6.267750973166155148e-01
5.446238063761107417e-01
4.721233141858549587e-01
4.087683530184350045e-01
3.538600417019497346e-01
3.065989121976606113e-01
2.661532007455822968e-01
2.317060099619164815e-01
2.024855767756948144e-01
1.777827378935719904e-01
1.569591550089791121e-01
1.394491951032736377e-01
1.247577002518722444e-01
1.124552976658133308e-01
1.021724208862393041e-01
9.359283845159886706e-02
8.644720572631836575e-02
8.050695277877434330e-02
7.557867954608646355e-02
7.149913400273846809e-02
6.813078719434301211e-02
6.535798103868845077e-02
6.308360339920836279e-02
