2.833614355492281023e-02
2.825931348035692903e-02
2.818355991706117392e-02
2.810864033780113846e-02
2.803451341971774369e-02
2.796136173464180974e-02
2.788961052261956786e-02
2.781994347836658221e-02
2.775331766621155771e-02
2.769098099055086748e-02
2.763449697586795040e-02
2.758578284405133196e-02
2.754716792516986174e-02
2.752148024018377659e-02
2.751216963128706727e-02
2.752347611748209855e-02
2.756065230090760931e-02
2.763024877560277259e-02
2.774047177440855383e-02
2.790162295347886623e-02
2.812663251501849523e-02
2.843169909271640872e-02
2.883705327285943781e-02
2.936786660007531524e-02
3.005533470075097413e-02
3.093797197793973774e-02
3.206316632980267534e-02
3.348905553656159745e-02
3.528680221189964966e-02
3.754336120985410363e-02
4.036485159976835324e-02
4.388066398582554650e-02
4.824845184554252958e-02
5.366017071904419233e-02
6.034933813648406253e-02
6.859968440008558377e-02
7.875534031007724867e-02
9.123264787639230600e-02
1.065335621338473343e-01
1.252604057345659272e-01
1.481314021995201458e-01
1.759958968822546987e-01
2.098474153187940838e-01
2.508316401584408939e-01
3.002449509138016559e-01
3.595173391937291907e-01
4.301713443739656473e-01
5.137463890199207572e-01
6.116761057470990748e-01
7.251060656346016708e-01
8.546426090306675771e-01
1.000032789478620732e+00
1.159793360965245101e+00
1.330834370856883053e+00
1.508157458686137709e+00
1.684741086176337221e+00
1.851737814967740370e+00
1.999081479097251535e+00
2.116519781496025487e+00
2.194956958050270579e+00
2.227850965437704112e+00
2.212325326764300826e+00
2.149686178929636426e+00
2.045190399123092639e+00
1.907133563014780986e+00
1.745519348532556414e+00
1.570655120777898262e+00
1.391974267281709476e+00
1.217258403669794431e+00
1.052290260747827944e+00
9.008635782786316160e-01
7.650286978160221185e-01
6.454528929737287646e-01
5.418019613720886918e-01
4.530847736173913565e-01
3.779332131421545005e-01
3.148114884180120421e-01
2.621612023596952001e-01
2.184940075568841955e-01
1.824447124262434938e-01
1.527964174209149040e-01
1.284870559667235512e-01
1.086044001102183520e-01
9.237455442557218621e-02
7.914733690379398279e-02
6.838073115264058088e-02
5.962573053135550305e-02
5.251230590021820771e-02
4.673684291498608756e-02
4.205115299495423842e-02
3.825301875415195590e-02
3.517815661346122835e-02
3.269344317315439619e-02
3.069124179216427967e-02
2.908467107261505924e-02
2.780367063766317481e-02
2.679173723723394379e-02
2.600322296425108468e-02
2.540110541794252802e-02
2.495515591425444962e-02
2.464044569817159386e-02
2.443614128920244821e-02
2.432454859049431109e-02
2.429037143273079027e-02
2.432015419540897033e-02
2.440188055922121874e-02
2.452470186403527680e-02
2.467876954472551787e-02
2.485514719323372868e-02
2.504577933019938585e-02
2.524349618378352034e-02
2.544203671041360415e-02
2.563607562650502270e-02
2.582124408935204674e-02
2.599413752173512782e-02
2.615230754927683199e-02
2.629423778681533319e-02
2.641930504552147951e-02
2.652772835165745358e-02
2.662050804202692467e-02
2.669935634649045486e-02
2.676661961043369509e-02
2.682519103168456986e-02
2.687841186127759574e-02
2.692995874896497721e-02
2.698371548301004008e-02
2.704362880434563188e-02
2.711355012945870779e-02
2.719706761125856298e-02
2.729733561711011891e-02
2.741691097884862982e-02
2.755760686464781006e-02
2.772037551826500579e-02
2.790523022774771267e-02
2.811121471453331688e-02
2.833642484401704964e-02
2.857808347786502945e-02
2.883266486092075920e-02
2.909606066377806721e-02
2.936377617932556250e-02
2.963114261696656732e-02
2.989353024215754551e-02
3.014654739666072780e-02
3.038621215323661362e-02
3.060908628663737419e-02
3.081236502520789955e-02
3.099392024375566268e-02
3.115229890191129059e-02
3.128668218947495971e-02
3.139681366237619120e-02
3.148290641286801556e-02
3.154553992858724620e-02
3.158555680892269346e-02
3.160396809452953315e-02
3.160187388301415046e-02
3.158040345142617417e-02
3.154067658676969893e-02
3.148378550663791242e-02
3.141079483784400828e-02
3.132275573843493199e-02
3.122072944485334428e-02
3.110581527803049987e-02
3.097917837376358563e-02
3.084207300632900439e-02
3.069585823238770578e-02
3.054200358467700632e-02
3.038208360051892695e-02
3.021776101076735152e-02
3.005075939380496414e-02
2.988282698469117010e-02
2.971569409603478512e-02
2.955102722763869316e-02
2.939038338330068889e-02
2.923516833562445072e-02
2.908660254142791945e-02
2.894569807558815266e-02
2.881324930069847912e-02
2.868983903135441382e-02
2.857586072735124327e-02
2.847155583929383837e-02
2.837706394773426011e-02
2.829248192354927305e-02
2.821792714533216673e-02
2.815359898563402075e-02
2.809983244368463584e-02
2.805713803738407730e-02
2.802622289597955785e-02
2.800798937845383474e-02
2.800350938027229564e-02
2.801397462693666629e-02
2.804062549069197274e-02
2.808466298999656718e-02
2.814715042532300870e-02
2.822891237977931400e-02
2.833043942502966317e-02
2.845180674000269416e-02
2.859261396179690884e-02
2.875195200916624838e-02
2.892840048244732509e-02
2.912005674012480005e-02
2.932459511049334555e-02
2.953935216259417906e-02
2.976143177141932217e-02
2.998782207445926939e-02
3.021551548393858200e-02
3.044162277765005697e-02
3.066347295073769408e-02
3.087869190321305968e-02
3.108525502522160866e-02
3.128151112998049654e-02
3.146617774302465365e-02
3.163831024394941904e-02
3.179724954373287782e-02
3.194255467251790048e-02
3.207392770847034003e-02
3.219113882248015451e-02
3.229395884081992518e-02
3.238210570073549177e-02
3.245520961277529454e-02
3.251279981236722405e-02
3.255431367110758756e-02
3.257912684113665330e-02
3.258660120778530955e-02
3.257614588278881507e-02
3.254728540005718401e-02
3.249972874884024532e-02
3.243343291626095415e-02
3.234865518557929198e-02
3.224598947786973951e-02
3.212638342730096686e-02
3.199113451251058005e-02
3.184186528299769170e-02
3.168047937197576713e-02
3.150910143737610525e-02
3.133000530336260692e-02
3.114553529940933263e-02
3.095802606489433950e-02
3.076972589947424286e-02
3.058272813210574648e-02
3.039891403334210596e-02
3.021990961726250813e-02
3.004705740203206243e-02
2.988140295811886338e-02
2.972369499691640549e-02
2.957439694123897844e-02
2.943370743712803161e-02
2.930158713353103739e-02
2.917778924674174768e-02
2.906189187307872679e-02
2.895333061886429249e-02
2.885143076874463475e-02
2.875543880102449101e-02
2.866455349003804720e-02
2.857795705116927820e-02
2.849484676614277845e-02
2.841446730029506540e-02
