1.734023766920611553e-02
1.749834271604139291e-02
1.763660339682215222e-02
1.775601371678189183e-02
1.785788547180768016e-02
1.794360105812649320e-02
1.801436795036694127e-02
1.807099577403135926e-02
1.811371613033513350e-02
1.814206290670797306e-02
1.815482664883519281e-02
1.815009078981916213e-02
1.812535047401375721e-02
1.807770696606270100e-02
1.800412298842130054e-02
1.790171767779533130e-02
1.776807506105321233e-02
1.760153772163025598e-02
1.740145805433557236e-02
1.716838319869720686e-02
1.690415599873444641e-02
1.661192240249816099e-02
1.629604458824485125e-02
1.596192770374676995e-02
1.561577543916794347e-02
1.526429497132542057e-02
1.491437470847419011e-02
1.457275869349847208e-02
1.424573978638382643e-02
1.393889037637138090e-02
1.365684500692100622e-02
1.340314454100427488e-02
1.318014682633389736e-02
1.298900452931732973e-02
1.282970699954076761e-02
1.270117968256986168e-02
1.260143165568891437e-02
1.252773930507470809e-02
1.247685209307098329e-02
1.244520501087876922e-02
1.242912199871878780e-02
1.242499567256073398e-02
1.242943134561190141e-02
1.243934757432985615e-02
1.245203099400622564e-02
1.246514942426758636e-02
1.247673325142322973e-02
1.248513994043120787e-02
1.248901926085282596e-02
1.248729674938513917e-02
1.247918981920447500e-02
1.246426502793111617e-02
1.244253712176327659e-02
1.241460179933174222e-02
1.238178613576146683e-02
1.234629471160007472e-02
1.231132686455004531e-02
1.228114179213958893e-02
1.226105351993124308e-02
1.225734640300039577e-02
1.227711268947360643e-02
1.232802523762059274e-02
1.241806915342663978e-02
1.255526450827656668e-02
1.274741743876267597e-02
1.300193843158944235e-02
1.332576467988678265e-02
1.372541882863465706e-02
1.420723035207291374e-02
1.477773953996089351e-02
1.544429888492900027e-02
1.621588362122432236e-02
1.710412302008137986e-02
1.812456723289690430e-02
1.929821116312957496e-02
2.065330705708132153e-02
2.222751120884286502e-02
2.407042741632242633e-02
2.624663077824387902e-02
2.883928041762628958e-02
3.195445919399991785e-02
3.572641279653981927e-02
4.032389970143385183e-02
4.595790600885726884e-02
5.289102132229379916e-02
6.144880540748580422e-02
7.203348547473703567e-02
8.514028637593790139e-02
1.013765747037532472e-01
1.214837420721232020e-01
1.463612945592455139e-01
1.770918654905609402e-01
2.149647156714087903e-01
2.614935961067246795e-01
3.184224800513494325e-01
3.877095007249217185e-01
4.714754352966539219e-01
5.718985274104817496e-01
6.910332995683716728e-01
8.305295105773138342e-01
9.912326149336867509e-01
1.172664713065457942e+00
1.372420784277139205e+00
1.585570862800930403e+00
1.804226994268681050e+00
2.017491068795083109e+00
2.212006219324443190e+00
2.373245588898931668e+00
2.487467661016908416e+00
2.543989849199357334e+00
2.537201541657333692e+00
2.467702526446851952e+00
2.342185682096999066e+00
2.172102220154313201e+00
1.971548845430924235e+00
1.755006211145696327e+00
1.535480882715421824e+00
1.323351263562915214e+00
1.125943077232429257e+00
9.476728931929754296e-01
7.905296484804535950e-01
6.546853891060414599e-01
5.390897590609229351e-01
4.419699811559766323e-01
3.612096993075089579e-01
2.946116062502300847e-01
2.400636933808590057e-01
1.956329537281404352e-01
1.596085163631573711e-01
1.305119749746846414e-01
1.070880867063510600e-01
8.828499318618415748e-02
7.322995835412142440e-02
6.120431382158471323e-02
5.161971065882541010e-02
4.399672739713940406e-02
3.794622510714851238e-02
3.315345035038955168e-02
2.936467569258913168e-02
2.637607154886129068e-02
2.402447841475263690e-02
2.217976518995734558e-02
2.073849732872040663e-02
1.961868474013686581e-02
1.875542523469148071e-02
1.809729978643487280e-02
1.760340837134793945e-02
1.724095893277496905e-02
1.698333774439937660e-02
1.680859861257370802e-02
1.669831297488322264e-02
1.663672509070052152e-02
1.661015803147026376e-02
1.660661845112185175e-02
1.661555194968240834e-02
1.662770643014938043e-02
1.663506786090848677e-02
1.663084059761777561e-02
1.660945202449330693e-02
1.656656791267197004e-02
1.649910993320402239e-02
1.640526989138735986e-02
1.628451651344276982e-02
1.613759039065957440e-02
1.596648158349647795e-02
1.577438313255981675e-02
1.556561300893249435e-02
1.534549740158440596e-02
1.512020997768362580e-02
1.489656486905987023e-02
1.468176536531708501e-02
1.448311514168198512e-02
1.430770369653526670e-02
1.416208186961308464e-02
1.405194627757039641e-02
1.398185281111053238e-02
1.395497876369217530e-02
1.397295070714139192e-02
1.403575110938560556e-02
1.414171129682535895e-02
1.428759221573424470e-02
1.446874812308384696e-02
1.467936241655043092e-02
1.491273981787729144e-02
1.516163547023164672e-02
1.541859947654309823e-02
1.567631511083643694e-02
1.592791033346584520e-02
1.616722513643008632e-02
1.638902131198304371e-02
1.658912606252574071e-02
1.676450599554631452e-02
1.691327302439038505e-02
1.703462812817160138e-02
1.712875250807398969e-02
1.719665822335094546e-02
1.724001182960030465e-02
1.726094491419422061e-02
1.726186485189933062e-02
1.724527776009478208e-02
1.721363370571718510e-02
1.716920188202902819e-02
1.711398088344451285e-02
1.704964648480747358e-02
1.697753658549189248e-02
1.689867031768116368e-02
1.681379586943873572e-02
1.672345949078957172e-02
1.662808661100362295e-02
1.652806517602839476e-02
1.642382136534215054e-02
1.631587884935717381e-02
1.620489468367929120e-02
1.609166766645493685e-02
1.597711825146835851e-02
1.586224255862406229e-02
1.574804625036513306e-02
1.563546665087443138e-02
1.552529314696196594e-02
1.541809641795098551e-02
1.531417634046781939e-02
1.521353660263362328e-02
1.511589137461633037e-02
1.502070614369524493e-02
1.492727139325206176e-02
1.483480453059710102e-02
1.474257263300682297e-02
1.465002638709750338e-02
1.455693416144049346e-02
1.446350452474776116e-02
1.437048570624643862e-02
1.427923147483400879e-02
1.419172466669205157e-02
1.411055208672418182e-02
1.403882769175934797e-02
1.398006472453827698e-02
1.393800161835190288e-02
1.391639074695261158e-02
1.391876307484629649e-02
1.394818502922978709e-02
1.400702602057024571e-02
1.409675560371614900e-02
1.421778805517459610e-02
1.436938910488827492e-02
1.454965489482396013e-02
1.475556735956906618e-02
1.498312373190235913e-02
1.522753146261573987e-02
1.548345420044944243e-02
1.574529019460046975e-02
1.600746196550190126e-02
1.626469551608991648e-02
1.651226866675375993e-02
1.674621103357989971e-02
1.696344233676647106e-02
1.716184067233640642e-02
