1.262244135102335019e-01
1.275756768853277268e-01
1.290894433413393161e-01
1.307773837408661155e-01
1.326520774907998801e-01
1.347270914026569844e-01
1.370170639403563428e-01
1.395377949599831968e-01
1.423063409977551319e-01
1.453411161001631480e-01
1.486619981111022004e-01
1.522904402313374761e-01
1.562495875418302149e-01
1.605643980297959961e-01
1.652617674696343353e-01
1.703706572843221023e-01
1.759222242399377245e-01
1.819499504996196781e-01
1.884897721756424727e-01
1.955802040612093784e-01
2.032624576882975653e-01
2.115805492357253625e-01
2.205813930939370393e-01
2.303148760719704868e-01
2.408339063011940562e-01
2.521944298454742439e-01
2.644554068676189251e-01
2.776787379314150650e-01
2.919291296480747144e-01
3.072738874252803898e-01
3.237826215775954641e-01
3.415268515548736672e-01
3.605794916046188847e-01
3.810141998910966943e-01
4.029045720601893144e-01
4.263231596057556194e-01
4.513402933344098367e-01
4.780226929494303389e-01
5.064318455237108996e-01
5.366221386804301829e-01
5.686387389469789166e-01
6.025152123026588091e-01
6.382708927054678849e-01
6.759080156230162784e-01
7.154086474976404375e-01
7.567314587138458393e-01
7.998084068948951852e-01
8.445414188778588294e-01
8.907991828350971808e-01
9.384141856853037700e-01
9.871801537124356152e-01
1.036850074297438917e+00
1.087134991574921328e+00
1.137703776053376359e+00
1.188184065036858694e+00
1.238164554414341367e+00
1.287198790824217287e+00
1.334810564951323109e+00
1.380500941586651820e+00
1.423756881482491021e+00
1.464061317239732096e+00
1.500904445701416012e+00
1.533795899638757287e+00
1.562277370314925085e+00
1.585935178847692750e+00
1.604412246877297221e+00
1.617418903145121600e+00
1.624741986927203730e+00
1.626251773140211743e+00
1.621906344698790470e+00
1.611753168750643450e+00
1.595927784738147892e+00
1.574649671463095313e+00
1.548215514151633831e+00
1.516990228238289218e+00
1.481396203610056972e+00
1.441901304009813867e+00
1.399006187728162764e+00
1.353231508156951479e+00
1.305105510368562705e+00
1.255152469516327418e+00
1.203882327106842176e+00
1.151781781218900402e+00
1.099306985218514443e+00
1.046877913869577403e+00
9.948743716258239278e-01
9.436335489999507775e-01
8.934489810064593085e-01
8.445707268560858072e-01
7.972065711192140025e-01
7.515240413484673976e-01
7.076530430261720461e-01
6.656889268874869314e-01
6.256958234762480808e-01
5.877101028183229214e-01
5.517438413425446164e-01
5.177882020757121895e-01
4.858166565493392541e-01
4.557879970350204868e-01
4.276491052554792782e-01
4.013374584452613636e-01
3.767833656006214227e-01
3.539119361403340602e-01
3.326447902607502782e-01
3.129015253160798982e-01
2.946009559082418128e-01
2.776621473403191320e-01
2.620052629609360695e-01
2.475522459593426094e-01
2.342273555828522091e-01
2.219575767239057584e-01
2.106729205137514160e-01
2.003066320828745528e-01
1.907953200970678997e-01
1.820790211213862975e-01
1.741012103519591903e-01
1.668087688218623799e-01
1.601519158538053100e-01
1.540841143114255463e-01
1.485619550975909031e-01
1.435450263619633959e-01
1.389957720072908520e-01
1.348793433180136558e-01
1.311634468678965493e-01
1.278181912868073256e-01
1.248159349714982047e-01
1.221311364024483398e-01
1.197402083700243730e-01
1.176213771104900330e-01
1.157545470984389646e-01
1.141211720304461386e-01
1.127041323592017363e-01
1.114876195928679037e-01
1.104570274562733379e-01
1.095988499148012330e-01
1.089005859849647706e-01
1.083506511946895068e-01
1.079382955086575779e-01
1.076535274975509160e-01
1.074870445027490962e-01
1.074301685284798080e-01
1.074747875801987385e-01
1.076133021600200190e-01
1.078385766263582068e-01
1.081438951248142322e-01
1.085229218000636764e-01
1.089696650035493763e-01
1.094784452186614576e-01
1.100438664334359717e-01
1.106607907002643276e-01
1.113243156324328770e-01
1.120297545982390508e-01
1.127726193847816416e-01
1.135486051151066711e-01
1.143535772140861217e-01
1.151835602300494421e-01
1.160347283307268523e-01
1.169033973033423990e-01
1.177860178997054835e-01
1.186791703777646395e-01
1.195795601013132370e-01
1.204840140692894357e-01
1.213894782553966989e-01
1.222930156475406649e-01
1.231918048848601177e-01
1.240831393978763797e-01
1.249644269645684425e-01
1.258331896019518892e-01
1.266870637190847249e-01
1.275238004633252875e-01
1.283412661972017921e-01
1.291374430484234226e-01
1.299104294804596660e-01
1.306584408357266136e-01
1.313798098078597376e-01
1.320729868037970878e-01
1.327365401605563600e-01
1.333691561856492624e-01
1.339696389941119614e-01
1.345369101191454253e-01
1.350700078773980906e-01
1.355680864739825520e-01
1.360304148364226418e-01
1.364563751708699479e-01
1.368454612380921587e-01
1.371972763509254900e-01
1.375115310990494000e-01
1.377880408110576105e-01
1.380267227678502184e-01
1.382275931852604833e-01
1.383907639875650575e-01
1.385164393970073626e-01
1.386049123676684758e-01
1.386565608948745476e-01
1.386718442337865342e-01
1.386512990628403497e-01
1.385955356292258855e-01
1.385052339145947942e-01
1.383811398596382913e-01
1.382240616860398452e-01
1.380348663536062892e-01
1.378144761890831571e-01
1.375638657213158478e-01
1.372840587550167024e-01
1.369761257125204912e-01
1.366411812695728090e-01
1.362803823074798526e-01
1.358949261999350400e-01
1.354860494485843891e-01
1.350550266770146335e-01
1.346031699884430721e-01
1.341318286880348043e-01
1.336423893666016660e-01
1.331362763385470771e-01
1.326149524233986021e-01
1.320799200572420062e-01
1.315327227179045044e-01
1.309749466459395606e-01
1.304082228423970591e-01
1.298342293240932754e-01
1.292546936176866001e-01
1.286713954753339051e-01
1.280861697970862023e-01
1.275009097484918197e-01
1.269175700660838679e-01
1.263381705485360773e-01
1.257647997372254856e-01
1.251996187966883112e-01
1.246448656129527099e-01
1.241028591358739608e-01
1.235760040003344995e-01
1.230667954703755507e-01
1.225778247599474957e-01
1.221117847938538725e-01
1.216714764825702066e-01
1.212598155948064749e-01
1.208798403218889206e-01
1.205347196381640340e-01
1.202277625715881815e-01
1.199624285084214814e-01
1.197423386654042632e-01
1.195712888719353273e-01
1.194532638135483993e-01
1.193924528963771492e-01
1.193932679002871200e-01
1.194603625959422544e-01
1.195986545082391439e-01
1.198133490153026059e-01
1.201099659785581086e-01
1.204943691052896837e-01
1.209727982504754662e-01
1.215519048695536675e-01
1.222387908379438809e-01
1.230410508565388528e-01
1.239668186647109455e-01
1.250248172834136362e-01
