2.419094011709160552e-01
2.399934583097066421e-01
2.381101730833810048e-01
2.362548416090024805e-01
2.344232159109965463e-01
2.326114821271408895e-01
2.308162393806568458e-01
2.290344792860875833e-01
2.272635660547524250e-01
2.255012171648315134e-01
2.237454845613253418e-01
2.219947363521189154e-01
2.202476389679580981e-01
2.185031397562315625e-01
2.167604499808708507e-01
2.150190282033659361e-01
2.132785640227400081e-01
2.115389621552470900e-01
2.098003268374929731e-01
2.080629465395958388e-01
2.063272789778076433e-01
2.045939364187429055e-01
2.028636712699230515e-01
2.011373619537736024e-01
1.994159990644726044e-01
1.977006718091521287e-01
1.959925547368987497e-01
1.942928947608092982e-01
1.926029984800046446e-01
1.909242198100692955e-01
1.892579479318004243e-01
1.876055955695087873e-01
1.859685876113798542e-01
1.843483500856105961e-01
1.827462995071987839e-01
1.811638326113797770e-01
1.796023164907819825e-01
1.780630791544325908e-01
1.765474005277486158e-01
1.750565039136321999e-01
1.735915479357096614e-01
1.721536189856135712e-01
1.707437241969886610e-01
1.693627849695852894e-01
1.680116310673371582e-01
1.666909953147440449e-01
1.654015089160800478e-01
1.641436974219568357e-01
1.629179773675570597e-01
1.617246536063325357e-01
1.605639173621832838e-01
1.594358450220128565e-01
1.583403976890942477e-01
1.572774215158706246e-01
1.562466488326092195e-01
1.552477000857614420e-01
1.542800865969214952e-01
1.533432141499351531e-01
1.524363874100123639e-01
1.515588151746541934e-01
1.507096164518358650e-01
1.498878273562562757e-01
1.490924088095900435e-01
1.483222550256132755e-01
1.475762027559149314e-01
1.468530412666628759e-01
1.461515230116909869e-01
1.454703749620510633e-01
1.448083105472528498e-01
1.441640421587261356e-01
1.435362941617400745e-01
1.429238163581108001e-01
1.423253978386931906e-01
1.417398811618709731e-01
1.411661767922064992e-01
1.406032777320834759e-01
1.400502742786625121e-01
1.395063688388464840e-01
1.389708907362130486e-01
1.384433109461038480e-01
1.379232566982175334e-01
1.374105258902108828e-01
1.369051012608925588e-01
1.364071642776126525e-01
1.359171086993554156e-01
1.354355537847653779e-01
1.349633571228246176e-01
1.345016270730539643e-01
1.340517348118316909e-01
1.336153259916193492e-01
1.331943320303965450e-01
1.327909810593479456e-01
1.324078085676265171e-01
1.320476677937329757e-01
1.317137399235172590e-01
1.314095441648693019e-01
1.311389477786815694e-01
1.309061761544249580e-01
1.307158230265634824e-01
1.305728609348253411e-01
1.304826520369016252e-01
1.304509593862647754e-01
1.304839587903215969e-01
1.305882513648183307e-01
1.307708768991567849e-01
1.310393281437747803e-01
1.314015661248632005e-01
1.318660365831125780e-01
1.324416876217052175e-01
1.331379886340861574e-01
1.339649505638480509e-01
1.349331475270140190e-01
1.360537398007093390e-01
1.373384981512608682e-01
1.387998294386734166e-01
1.404508033926890054e-01
1.423051804076815863e-01
1.443774401488470138e-01
1.466828106998353531e-01
1.492372979114777731e-01
1.520577145317676404e-01
1.551617086080643859e-01
1.585677905527822507e-01
1.622953581528612244e-01
1.663647186804074751e-01
1.707971071264117180e-01
1.756146994309685239e-01
1.808406194216864993e-01
1.864989379970568850e-01
1.926146629039316993e-01
1.992137172589127925e-01
2.063229047540604266e-01
2.139698592703730695e-01
2.221829764014825459e-01
2.309913241696947839e-01
2.404245300031000176e-01
2.505126408438699270e-01
2.612859530839602984e-01
2.727748088873001020e-01
2.850093553717402695e-01
2.980192631066964637e-01
3.118334004534848436e-01
3.264794604574952075e-01
3.419835373198669703e-01
3.583696499588292506e-01
3.756592108465798829e-01
3.938704392065203175e-01
4.130177188072542971e-01
4.331109020210583971e-01
4.541545635479646847e-01
4.761472092571163439e-01
4.990804479688207840e-01
5.229381366832599465e-01
5.476955127258473777e-01
5.733183294723962486e-01
5.997620156599265950e-01
6.269708816706809351e-01
6.548773994539793808e-01
6.834015857451735121e-01
7.124505207430615883e-01
7.419180361789878830e-01
7.716846074957850465e-01
8.016174843896409774e-01
8.315710920005787710e-01
8.613877313471094421e-01
8.908986020235274417e-01
9.199251626325740672e-01
9.482808349381756097e-01
9.757730464500010692e-01
1.002205593398136418e+00
1.027381292280595826e+00
1.051104873974992415e+00
1.073186060531751362e+00
1.093442752033443544e+00
1.111704240175283021e+00
1.127814357332268536e+00
1.141634465568835521e+00
1.153046189888568218e+00
1.161953804352445108e+00
1.168286188569566120e+00
1.171998285229269854e+00
1.173072006233371045e+00
1.171516554756594441e+00
1.167368152144201199e+00
1.160689180737940474e+00
1.151566775247760521e+00
1.140110914953706311e+00
1.126452085775028644e+00
1.110738594253684486e+00
1.093133624221679145e+00
1.073812131120303270e+00
1.052957668686081982e+00
1.030759238363558206e+00
1.007408243927280678e+00
9.830956231356133834e-01
9.580092156296639017e-01
9.323314125847936840e-01
9.062371196311321819e-01
8.798920510022950614e-01
8.534513603397645420e-01
8.270586025188388923e-01
8.008450115634869748e-01
7.749290723302164619e-01
7.494163581857181677e-01
7.243996032949864272e-01
6.999589762115976388e-01
6.761625210017914167e-01
6.530667328907158176e-01
6.307172371349891726e-01
6.091495422498950374e-01
5.883898416205159965e-01
5.684558406997862745e-01
5.493575902703435876e-01
5.310983094821303263e-01
5.136751854672341189e-01
4.970801392006793384e-01
4.813005498705669738e-01
4.663199323150024056e-01
4.521185640669005412e-01
4.386740602252040544e-01
4.259618957569442643e-01
4.139558759506891672e-01
4.026285566144902073e-01
3.919516162688825300e-01
3.818961830568407545e-01
3.724331194060128691e-01
3.635332676607161417e-01
3.551676599764039821e-01
3.473076957594836145e-01
3.399252898596392680e-01
3.329929945967201599e-01
3.264840985437378884e-01
3.203727048032756208e-01
3.146337913160319744e-01
3.092432555350278500e-01
3.041779455930497256e-01
2.994156798888379933e-01
2.949352568226624172e-01
2.907164562267008368e-01
2.867400338616291067e-01
2.829877101890142521e-01
2.794421544799202684e-01
2.760869651836672101e-01
2.729066473567073881e-01
2.698865878396375928e-01
2.670130287699099547e-01
2.642730399281210119e-01
2.616544903361197050e-01
2.591460194548514950e-01
2.567370082680270338e-01
2.544175504836950208e-01
2.521784240388326159e-01
2.500110630515003374e-01
2.479075303302918365e-01
2.458604905211433100e-01
2.438631839465038309e-01
