1.262244135102366105e-01
1.275756768853307799e-01
1.290894433413422582e-01
1.307773837408689466e-01
1.326520774908022671e-01
1.347270914026593713e-01
1.370170639403582302e-01
1.395377949599845291e-01
1.423063409977561866e-01
1.453411161001637586e-01
1.486619981111024780e-01
1.522904402313370875e-01
1.562495875418295488e-01
1.605643980297948858e-01
1.652617674696325589e-01
1.703706572843197709e-01
1.759222242399350877e-01
1.819499504996166528e-01
1.884897721756388089e-01
1.955802040612054371e-01
2.032624576882930967e-01
2.115805492357201167e-01
2.205813930939314049e-01
2.303148760719637977e-01
2.408339063011870063e-01
2.521944298454661948e-01
2.644554068676101544e-01
2.776787379314055171e-01
2.919291296480645559e-01
3.072738874252692876e-01
3.237826215775833627e-01
3.415268515548607886e-01
3.605794916046054510e-01
3.810141998910824279e-01
4.029045720601742708e-01
4.263231596057400208e-01
4.513402933343936274e-01
4.780226929494134080e-01
5.064318455236931360e-01
5.366221386804116422e-01
5.686387389469594877e-01
6.025152123026387141e-01
6.382708927054471237e-01
6.759080156229945180e-01
7.154086474976177890e-01
7.567314587138226356e-01
7.998084068948713155e-01
8.445414188778345155e-01
8.907991828350727559e-01
9.384141856852790120e-01
9.871801537124108572e-01
1.036850074297414492e+00
1.087134991574897125e+00
1.137703776053353266e+00
1.188184065036836490e+00
1.238164554414320051e+00
1.287198790824198191e+00
1.334810564951305789e+00
1.380500941586636721e+00
1.423756881482478143e+00
1.464061317239721882e+00
1.500904445701408907e+00
1.533795899638752624e+00
1.562277370314923974e+00
1.585935178847694971e+00
1.604412246877302550e+00
1.617418903145130482e+00
1.624741986927216164e+00
1.626251773140227286e+00
1.621906344698808899e+00
1.611753168750664766e+00
1.595927784738171429e+00
1.574649671463121514e+00
1.548215514151662031e+00
1.516990228238318972e+00
1.481396203610087614e+00
1.441901304009845397e+00
1.399006187728194295e+00
1.353231508156983232e+00
1.305105510368594457e+00
1.255152469516358726e+00
1.203882327106872374e+00
1.151781781218929712e+00
1.099306985218542643e+00
1.046877913869604271e+00
9.948743716258492409e-01
9.436335489999745363e-01
8.934489810064810689e-01
8.445707268561060133e-01
7.972065711192326543e-01
7.515240413484842730e-01
7.076530430261872562e-01
6.656889268875005872e-01
6.256958234762600712e-01
5.877101028183331355e-01
5.517438413425536092e-01
5.177882020757198500e-01
4.858166565493455824e-01
4.557879970350254828e-01
4.276491052554832195e-01
4.013374584452641392e-01
3.767833656006229770e-01
3.539119361403347819e-01
3.326447902607503893e-01
3.129015253160789545e-01
2.946009559082402030e-01
2.776621473403168006e-01
2.620052629609333494e-01
2.475522459593393343e-01
2.342273555828482401e-01
2.219575767239015396e-01
2.106729205137468641e-01
2.003066320828698899e-01
1.907953200970630703e-01
1.820790211213812182e-01
1.741012103519536114e-01
1.668087688218567455e-01
1.601519158537995924e-01
1.540841143114198841e-01
1.485619550975853520e-01
1.435450263619577616e-01
1.389957720072854674e-01
1.348793433180082157e-01
1.311634468678914978e-01
1.278181912868024961e-01
1.248159349714934585e-01
1.221311364024437740e-01
1.197402083700200293e-01
1.176213771104857031e-01
1.157545470984349123e-01
1.141211720304421973e-01
1.127041323591979061e-01
1.114876195928641844e-01
1.104570274562700627e-01
1.095988499147981243e-01
1.089005859849621061e-01
1.083506511946866757e-01
1.079382955086548579e-01
1.076535274975484180e-01
1.074870445027470423e-01
1.074301685284779206e-01
1.074747875801970731e-01
1.076133021600183537e-01
1.078385766263566525e-01
1.081438951248128166e-01
1.085229218000623441e-01
1.089696650035481829e-01
1.094784452186603196e-01
1.100438664334350003e-01
1.106607907002634672e-01
1.113243156324319749e-01
1.120297545982381349e-01
1.127726193847803926e-01
1.135486051151053943e-01
1.143535772140845674e-01
1.151835602300479711e-01
1.160347283307249233e-01
1.169033973033402479e-01
1.177860178997032214e-01
1.186791703777621693e-01
1.195795601013106557e-01
1.204840140692866601e-01
1.213894782553937846e-01
1.222930156475379726e-01
1.231918048848573422e-01
1.240831393978734098e-01
1.249644269645655004e-01
1.258331896019488916e-01
1.266870637190815885e-01
1.275238004633221234e-01
1.283412661971983781e-01
1.291374430484200642e-01
1.299104294804560578e-01
1.306584408357231442e-01
1.313798098078564069e-01
1.320729868037940347e-01
1.327365401605534456e-01
1.333691561856465979e-01
1.339696389941095467e-01
1.345369101191432326e-01
1.350700078773959256e-01
1.355680864739806368e-01
1.360304148364211985e-01
1.364563751708687822e-01
1.368454612380909374e-01
1.371972763509247684e-01
1.375115310990487894e-01
1.377880408110571109e-01
1.380267227678499964e-01
1.382275931852605666e-01
1.383907639875655571e-01
1.385164393970080288e-01
1.386049123676694750e-01
1.386565608948754358e-01
1.386718442337874224e-01
1.386512990628414599e-01
1.385955356292271068e-01
1.385052339145962375e-01
1.383811398596400677e-01
1.382240616860418436e-01
1.380348663536082876e-01
1.378144761890852665e-01
1.375638657213178462e-01
1.372840587550187008e-01
1.369761257125228227e-01
1.366411812695750294e-01
1.362803823074822951e-01
1.358949261999378155e-01
1.354860494485869982e-01
1.350550266770174090e-01
1.346031699884457922e-01
1.341318286880374133e-01
1.336423893666042195e-01
1.331362763385492420e-01
1.326149524234012667e-01
1.320799200572443377e-01
1.315327227179068914e-01
1.309749466459419476e-01
1.304082228423996681e-01
1.298342293240957179e-01
1.292546936176892647e-01
1.286713954753365974e-01
1.280861697970893665e-01
1.275009097484952336e-01
1.269175700660875039e-01
1.263381705485399076e-01
1.257647997372295101e-01
1.251996187966924468e-01
1.246448656129569843e-01
1.241028591358785405e-01
1.235760040003392735e-01
1.230667954703802691e-01
1.225778247599521309e-01
1.221117847938585355e-01
1.216714764825751471e-01
1.212598155948112488e-01
1.208798403218936390e-01
1.205347196381690855e-01
1.202277625715931775e-01
1.199624285084265329e-01
1.197423386654093425e-01
1.195712888719404621e-01
1.194532638135533675e-01
1.193924528963821174e-01
1.193932679002921438e-01
1.194603625959470561e-01
1.195986545082439179e-01
1.198133490153071579e-01
1.201099659785623830e-01
1.204943691052936527e-01
1.209727982504795740e-01
1.215519048695572479e-01
1.222387908379476418e-01
1.230410508565423777e-01
1.239668186647142623e-01
1.250248172834168559e-01
