3.578899277935516099e-01
3.491479375003212482e-01
3.408305426633430057e-01
3.329253705526102891e-01
3.254196603213085903e-01
3.183003819416181379e-01
3.115543412227223530e-01
3.051682718411776185e-01
2.991289153368374976e-01
2.934230900309597878e-01
2.880377498107414280e-01
2.829600336996473953e-01
2.781773070984503438e-01
2.736771955403627388e-01
2.694476117571729112e-01
2.654767768036427888e-01
2.617532359360797423e-01
2.582658698891389104e-01
2.550039021435033249e-01
2.519569027268637740e-01
2.491147890421539779e-01
2.464678241706787232e-01
2.440066130539261802e-01
2.417220969166140321e-01
2.396055462550307769e-01
2.376485526789780811e-01
2.358430198626202401e-01
2.341811538291894146e-01
2.326554527667290539e-01
2.312586965467256506e-01
2.299839360944788413e-01
2.288244827392218184e-01
2.277738976532045490e-01
2.268259814720254841e-01
2.259747641733103607e-01
2.252144952772325848e-01
2.245396344202395533e-01
2.239448423425242640e-01
2.234249723201828242e-01
2.229750620644836145e-01
2.225903261031488833e-01
2.222661486519224572e-01
2.219980769788712782e-01
2.217818152587670844e-01
2.216132189104545458e-01
2.214882894062472074e-01
2.214031695390709376e-01
2.213541391302205064e-01
2.213376111581808747e-01
2.213501282869321796e-01
2.213883597704925099e-01
2.214490987090975971e-01
2.215292596313692131e-01
2.216258763760365347e-01
2.217361002462512332e-01
2.218571984092334026e-01
2.219865525139019247e-01
2.221216574992632420e-01
2.222601205666375201e-01
2.223996602892845398e-01
2.225381058336404205e-01
2.226733962671843536e-01
2.228035799289081187e-01
2.229268138394502885e-01
2.230413631291820464e-01
2.231456004638719959e-01
2.232380054490087917e-01
2.233171639954186216e-01
2.233817676304623023e-01
2.234306127408208220e-01
2.234625997346885162e-01
2.234767321130462503e-01
2.234721154416039468e-01
2.234479562169429112e-01
2.234035606223710446e-01
2.233383331709754005e-01
2.232517752353528895e-01
2.231434834654614230e-01
2.230131480979834491e-01
2.228605511624910385e-01
2.226855645915633009e-01
2.224881482437799374e-01
2.222683478502402443e-01
2.220262928968645966e-01
2.217621944562681024e-01
2.214763429844052167e-01
2.211691060984819490e-01
2.208409263538023137e-01
2.204923190382523934e-01
2.201238700040269447e-01
2.197362335569564284e-01
2.193301304244079653e-01
2.189063458231908510e-01
2.184657276492179556e-01
2.180091848108408059e-01
2.175376857278005227e-01
2.170522570176193766e-01
2.165539823910118677e-01
2.160440017775058785e-01
2.155235107019681517e-01
2.149937599321150583e-01
2.144560554163636723e-01
2.139117585305773672e-01
2.133622866513575078e-01
2.128091140725734132e-01
2.122537732807988076e-01
2.116978566042492516e-01
2.111430182487097629e-01
2.105909767328094095e-01
2.100435177338516590e-01
2.095024973542611579e-01
2.089698458175553442e-01
2.084475716016191138e-01
2.079377660159329455e-01
2.074426082283112593e-01
2.069643707456217674e-01
2.065054253518964766e-01
2.060682495061994524e-01
2.056554332015669284e-01
2.052696862852969595e-01
2.049138462397846472e-01
2.045908864219941614e-01
2.043039247584725882e-01
2.040562328915357382e-01
2.038512457708376857e-01
2.036925716829528499e-01
2.035840027097799709e-01
2.035295256044841739e-01
2.035333330712557065e-01
2.035998354323155235e-01
2.037336726622488159e-01
2.039397267658359381e-01
2.042231344709454777e-01
2.045893002026937246e-01
2.050439092987955125e-01
2.055929414187677717e-01
2.062426840912107984e-01
2.069997463336837595e-01
2.078710722685438439e-01
2.088639546453693596e-01
2.099860481660895395e-01
2.112453824925148160e-01
2.126503747974289593e-01
2.142098416996078836e-01
2.159330103998814421e-01
2.178295288095056237e-01
2.199094744335069185e-01
2.221833617401654248e-01
2.246621477133158573e-01
2.273572352466096957e-01
2.302804739982520776e-01
2.334441582810872495e-01
2.368610215163418631e-01
2.405442267300928194e-01
2.445073525199346620e-01
2.487643738658610881e-01
2.533296371047059070e-01
2.582178283324597090e-01
2.634439344444667874e-01
2.690231959712848786e-01
2.749710508194861402e-01
2.813030679839142456e-01
2.880348702632339886e-01
2.951820449868152174e-01
3.027600417512767428e-01
3.107840561730524920e-01
3.192688986932458728e-01
3.282288475273895667e-01
3.376774849404863277e-01
3.476275161522426882e-01
3.580905703442599508e-01
3.690769834558753626e-01
3.805955627239219763e-01
3.926533332492575523e-01
4.052552672641451803e-01
4.184039972331640711e-01
4.320995144485030304e-01
4.463388553785685442e-01
4.611157786945867532e-01
4.764204366279974900e-01
4.922390450928683658e-01
5.085535578289288594e-01
5.253413506638466846e-01
5.425749228344974862e-01
5.602216231169820926e-01
5.782434092593212727e-01
5.965966498489672087e-01
6.152319782349120469e-01
6.340942084131283574e-01
6.531223228245575108e-01
6.722495417575411469e-01
6.914034834454685363e-01
7.105064229659490138e-01
7.294756566506657158e-01
7.482239768897256393e-01
7.666602599629814829e-01
7.846901668765704496e-01
8.022169541725991948e-01
8.191423883854044297e-01
8.353677543364683711e-01
8.507949439128072999e-01
8.653276085017791441e-01
8.788723550146266827e-01
8.913399625849486307e-01
9.026465947381692168e-01
9.127149802437112269e-01
9.214755351105018422e-01
9.288673983638564557e-01
9.348393554019007734e-01
9.393506248790408630e-01
9.423714881578120206e-01
9.438837443124097337e-01
9.438809783128908615e-01
9.423686351830143915e-01
9.393638983907317552e-01
9.348953762642333576e-01
9.290026055900459934e-01
9.217353865154291892e-01
9.131529672418357002e-01
9.033231005919402090e-01
8.923209972366936693e-01
8.802282021080798380e-01
8.671314212763689966e-01
8.531213263660969437e-01
8.382913624957636367e-01
8.227365838623066363e-01
8.065525385902518885e-01
7.898342214818208085e-01
7.726751099998983019e-01
7.551662953497346731e-01
7.373957170459228827e-01
7.194475059896032754e-01
7.014014379462836235e-01
6.833324964920270972e-01
6.653105420448869323e-01
6.474000815549035837e-01
6.296601318031216366e-01
6.121441680520983697e-01
5.949001489757491656e-01
5.779706083416125129e-01
5.613928037818927130e-01
5.451989131242225284e-01
5.294162691103176943e-01
5.140676238624122263e-01
4.991714351179382114e-01
4.847421670005907512e-01
4.707905988937850505e-01
4.573241367989903661e-01
4.443471223704214546e-01
4.318611355983346112e-01
4.198652878499817276e-01
4.083565026589132674e-01
3.973297822725397888e-01
3.867784585207945658e-01
3.766944270542635920e-01
3.670683644193357131e-01
