3.578899277935569945e-01
3.491479375003266883e-01
3.408305426633484458e-01
3.329253705526155072e-01
3.254196603213139749e-01
3.183003819416235225e-01
3.115543412227276265e-01
3.051682718411827810e-01
2.991289153368427156e-01
2.934230900309651169e-01
2.880377498107464795e-01
2.829600336996526688e-01
2.781773070984554508e-01
2.736771955403679013e-01
2.694476117571779072e-01
2.654767768036479514e-01
2.617532359360849603e-01
2.582658698891441285e-01
2.550039021435086539e-01
2.519569027268689920e-01
2.491147890421591959e-01
2.464678241706838580e-01
2.440066130539311207e-01
2.417220969166191946e-01
2.396055462550358561e-01
2.376485526789831881e-01
2.358430198626254581e-01
2.341811538291947992e-01
2.326554527667343553e-01
2.312586965467308964e-01
2.299839360944842259e-01
2.288244827392271197e-01
2.277738976532097115e-01
2.268259814720308132e-01
2.259747641733156065e-01
2.252144952772376363e-01
2.245396344202447436e-01
2.239448423425294821e-01
2.234249723201879312e-01
2.229750620644886938e-01
2.225903261031539349e-01
2.222661486519275642e-01
2.219980769788762465e-01
2.217818152587721914e-01
2.216132189104594308e-01
2.214882894062520924e-01
2.214031695390757393e-01
2.213541391302253636e-01
2.213376111581856209e-01
2.213501282869367870e-01
2.213883597704970063e-01
2.214490987091022323e-01
2.215292596313737927e-01
2.216258763760407535e-01
2.217361002462552300e-01
2.218571984092375382e-01
2.219865525139057272e-01
2.221216574992671000e-01
2.222601205666412949e-01
2.223996602892883145e-01
2.225381058336440288e-01
2.226733962671878786e-01
2.228035799289115326e-01
2.229268138394534526e-01
2.230413631291851828e-01
2.231456004638749935e-01
2.232380054490116228e-01
2.233171639954214527e-01
2.233817676304651334e-01
2.234306127408235421e-01
2.234625997346910142e-01
2.234767321130489703e-01
2.234721154416061673e-01
2.234479562169451317e-01
2.234035606223729875e-01
2.233383331709775099e-01
2.232517752353549434e-01
2.231434834654633659e-01
2.230131480979851144e-01
2.228605511624927038e-01
2.226855645915648552e-01
2.224881482437813252e-01
2.222683478502418541e-01
2.220262928968661509e-01
2.217621944562696568e-01
2.214763429844064380e-01
2.211691060984830592e-01
2.208409263538035350e-01
2.204923190382535036e-01
2.201238700040279994e-01
2.197362335569574276e-01
2.193301304244090755e-01
2.189063458231919057e-01
2.184657276492190103e-01
2.180091848108419716e-01
2.175376857278015219e-01
2.170522570176203758e-01
2.165539823910130335e-01
2.160440017775069332e-01
2.155235107019692897e-01
2.149937599321160575e-01
2.144560554163648103e-01
2.139117585305785885e-01
2.133622866513587568e-01
2.128091140725745789e-01
2.122537732807999733e-01
2.116978566042504173e-01
2.111430182487109009e-01
2.105909767328105753e-01
2.100435177338528803e-01
2.095024973542623792e-01
2.089698458175568430e-01
2.084475716016204738e-01
2.079377660159342778e-01
2.074426082283127859e-01
2.069643707456232662e-01
2.065054253518980865e-01
2.060682495062010899e-01
2.056554332015685105e-01
2.052696862852985138e-01
2.049138462397863125e-01
2.045908864219958823e-01
2.043039247584744200e-01
2.040562328915374590e-01
2.038512457708394343e-01
2.036925716829544597e-01
2.035840027097816640e-01
2.035295256044858392e-01
2.035333330712574551e-01
2.035998354323172721e-01
2.037336726622507310e-01
2.039397267658374924e-01
2.042231344709473928e-01
2.045893002026954455e-01
2.050439092987973444e-01
2.055929414187696036e-01
2.062426840912125747e-01
2.069997463336854249e-01
2.078710722685455647e-01
2.088639546453708862e-01
2.099860481660911493e-01
2.112453824925162871e-01
2.126503747974303193e-01
2.142098416996094379e-01
2.159330103998827188e-01
2.178295288095070392e-01
2.199094744335084450e-01
2.221833617401666183e-01
2.246621477133170786e-01
2.273572352466107782e-01
2.302804739982532434e-01
2.334441582810880267e-01
2.368610215163427790e-01
2.405442267300937076e-01
2.445073525199356057e-01
2.487643738658618098e-01
2.533296371047066842e-01
2.582178283324599866e-01
2.634439344444671205e-01
2.690231959712852117e-01
2.749710508194863068e-01
2.813030679839141346e-01
2.880348702632338220e-01
2.951820449868149399e-01
3.027600417512763542e-01
3.107840561730518814e-01
3.192688986932450956e-01
3.282288475273882344e-01
3.376774849404850509e-01
3.476275161522411339e-01
3.580905703442581189e-01
3.690769834558732532e-01
3.805955627239193118e-01
3.926533332492546657e-01
4.052552672641420162e-01
4.184039972331605739e-01
4.320995144484990336e-01
4.463388553785642143e-01
4.611157786945822012e-01
4.764204366279922720e-01
4.922390450928626482e-01
5.085535578289226422e-01
5.253413506638403563e-01
5.425749228344903807e-01
5.602216231169744320e-01
5.782434092593131680e-01
5.965966498489585490e-01
6.152319782349029431e-01
6.340942084131186984e-01
6.531223228245472967e-01
6.722495417575302668e-01
6.914034834454575451e-01
7.105064229659374675e-01
7.294756566506535034e-01
7.482239768897130938e-01
7.666602599629683823e-01
7.846901668765572380e-01
8.022169541725853170e-01
8.191423883853903298e-01
8.353677543364540492e-01
8.507949439127928670e-01
8.653276085017644892e-01
8.788723550146118058e-01
8.913399625849338648e-01
9.026465947381543398e-01
9.127149802436964610e-01
9.214755351104870762e-01
9.288673983638421339e-01
9.348393554018867846e-01
9.393506248790273183e-01
9.423714881577989200e-01
9.438837443123968551e-01
9.438809783128784270e-01
9.423686351830027341e-01
9.393638983907206530e-01
9.348953762642226994e-01
9.290026055900362234e-01
9.217353865154200854e-01
9.131529672418272625e-01
9.033231005919326595e-01
8.923209972366867859e-01
8.802282021080738428e-01
8.671314212763637785e-01
8.531213263660923918e-01
8.382913624957599730e-01
8.227365838623037497e-01
8.065525385902496680e-01
7.898342214818190321e-01
7.726751099998971917e-01
7.551662953497344510e-01
7.373957170459231047e-01
7.194475059896039415e-01
7.014014379462851778e-01
6.833324964920290956e-01
6.653105420448892637e-01
6.474000815549061372e-01
6.296601318031245231e-01
6.121441680521018114e-01
5.949001489757527183e-01
5.779706083416165097e-01
5.613928037818969319e-01
5.451989131242268583e-01
5.294162691103223572e-01
5.140676238624171113e-01
4.991714351179430409e-01
4.847421670005956917e-01
4.707905988937900466e-01
4.573241367989953066e-01
4.443471223704266726e-01
4.318611355983398292e-01
4.198652878499871677e-01
4.083565026589187075e-01
3.973297822725452288e-01
3.867784585208001169e-01
3.766944270542688655e-01
3.670683644193410422e-01
