1.126565818846440581e-01
1.127878612039932560e-01
1.129519752528282961e-01
1.131481812146437615e-01
1.133757189697256196e-01
1.136338133584723353e-01
1.139216766780306589e-01
1.142385113869494317e-01
1.145835129928998442e-01
1.149558730989075073e-01
1.153547825840029462e-01
1.157794348947292773e-01
1.162290294245678923e-01
1.167027749590569818e-01
1.171998931651861697e-01
1.177196221045714308e-01
1.182612197509483598e-01
1.188239674936690804e-01
1.194071736101522119e-01
1.200101766916336632e-01
1.206323490080706273e-01
1.212730997996868398e-01
1.219318784844025116e-01
1.226081777722530797e-01
1.233015366798917434e-01
1.240115434403480377e-01
1.247378383054023321e-01
1.254801162402200687e-01
1.262381295122416425e-01
1.270116901787715080e-01
1.278006724802052962e-01
1.286050151484006698e-01
1.294247236422971237e-01
1.302598723255427304e-01
1.311106066035431506e-01
1.319771450400497592e-01
1.328597814760840989e-01
1.337588871766983156e-01
1.346749130337484002e-01
1.356083918555223145e-01
1.365599407766985574e-01
1.375302638247227482e-01
1.385201546812400430e-01
1.395304996797541719e-01
1.405622810831359537e-01
1.416165806870269828e-01
1.426945837975207021e-01
1.437975836337952174e-01
1.449269862085765803e-01
1.460843157414511428e-01
1.472712206620921949e-01
1.484894802624366350e-01
1.497410120587028826e-01
1.510278799259047178e-01
1.523523030691412983e-01
1.537166658974431499e-01
1.551235288672801471e-01
1.565756403639861905e-01
1.580759496902778005e-01
1.596276212317093157e-01
1.612340498692564073e-01
1.628988777092031659e-01
1.646260122000441084e-01
1.664196457051102251e-01
1.682842765979863930e-01
1.702247319453857877e-01
1.722461918388017710e-01
1.743542154318440118e-01
1.765547687344119765e-01
1.788542542075656772e-01
1.812595421938091589e-01
1.837780042061738228e-01
1.864175480855927436e-01
1.891866550191496077e-01
1.920944183913430858e-01
1.951505844159610037e-01
1.983655944668328841e-01
2.017506289908810313e-01
2.053176528456839012e-01
2.090794618552496154e-01
2.130497303208482851e-01
2.172430591574232017e-01
2.216750242490450051e-01
2.263622245277689959e-01
2.313223291776465851e-01
2.365741232480931822e-01
2.421375508267314958e-01
2.480337547697340217e-01
2.542851118160646129e-01
2.609152617195312773e-01
2.679491288180414488e-01
2.754129342220943411e-01
2.833341965440024923e-01
2.917417188059073796e-01
3.006655588595569251e-01
3.101369803263353542e-01
3.201883807259862103e-01
3.308531931124264469e-01
3.421657571828182753e-01
3.541611554821469388e-01
3.668750100036060058e-01
3.803432342024646862e-01
3.946017352193428307e-01
4.096860609741871384e-01
4.256309867760381671e-01
4.424700362325404979e-01
4.602349315790709161e-01
4.789549691273380372e-01
4.986563164086680322e-01
5.193612288121016718e-01
5.410871851470510085e-01
5.638459436474971831e-01
5.876425225265575758e-01
6.124741123224208827e-01
6.383289309675299616e-01
6.651850367560567800e-01
6.930091191407212747e-01
7.217552924775401113e-01
7.513639233242528359e-01
7.817605274946237692e-01
8.128547785219630839e-01
8.445396741699212617e-01
8.766909117616719094e-01
9.091665259400751875e-01
9.418068435438160524e-01
9.744348090991827860e-01
1.006856730520417020e+00
1.038863487589094969e+00
1.070232235371791019e+00
1.100728620837726490e+00
1.130109513684862899e+00
1.158126232175979986e+00
1.184528222326348912e+00
1.209067125073954863e+00
1.231501142378421232e+00
1.251599591025147173e+00
1.269147513862863175e+00
1.283950203873120310e+00
1.295837488301959439e+00
1.304667619214060048e+00
1.310330623949791828e+00
1.312750984213548078e+00
1.311889535420378783e+00
1.307744507383799881e+00
1.300351661794851399e+00
1.289783519147997604e+00
1.276147705487671757e+00
1.259584485206662219e+00
1.240263577912844806e+00
1.218380383236628450e+00
1.194151756024496969e+00
1.167811484898259700e+00
1.139605629525100694e+00
1.109787866601470663e+00
1.078614982467405614e+00
1.046342632773795911e+00
1.013221468284672744e+00
9.794937023440668522e-01
9.453901713423765729e-01
9.111279160748267936e-01
8.769082903349620928e-01
8.429155842729215697e-01
8.093161345081019142e-01
7.762578809657576517e-01
7.438703219017964718e-01
7.122648133819448057e-01
6.815351572356614929e-01
6.517584217637717448e-01
6.229959417495382068e-01
5.952944481100858054e-01
5.686872823606226035e-01
5.431956565289353112e-01
5.188299248954978404e-01
4.955908396561476414e-01
4.734707680877444647e-01
4.524548538834172184e-01
4.325221099090933441e-01
4.136464336600899627e-01
3.957975401462628384e-01
3.789418098162400383e-01
3.630430514760923932e-01
3.480631820099732154e-01
3.339628261225835448e-01
3.207018403522325922e-01
3.082397663055112536e-01
2.965362184945953272e-01
2.855512123664327717e-01
2.752454381451168719e-01
2.655804860046682148e-01
2.565190278838127558e-01
2.480249609762878726e-01
2.400635176039246088e-01
2.326013458247703225e-01
2.256065647604407198e-01
2.190487982577561665e-01
2.128991901386234342e-01
2.071304039456682566e-01
2.017166097638821431e-01
1.966334603934327963e-01
1.918580588674253240e-01
1.873689190514002956e-01
1.831459208285654561e-01
1.791702611654748811e-01
1.754244021659723263e-01
1.718920170553588922e-01
1.685579348903954999e-01
1.654080846622965895e-01
1.624294393477305198e-01
1.596099603653939880e-01
1.569385428114805081e-01
1.544049617748511904e-01
1.519998199706222852e-01
1.497144968779677288e-01
1.475410995230385658e-01
1.454724150100638602e-01
1.435018648719230960e-01
1.416234612850249819e-01
1.398317651714013066e-01
1.381218461929184238e-01
1.364892446278496152e-01
1.349299351082304532e-01
1.334402921870320169e-01
1.320170576968179854e-01
1.306573098559253299e-01
1.293584340740003280e-01
1.281180954057208055e-01
1.269342125995229498e-01
1.258049336869549450e-01
1.247286130577492103e-01
1.237037899657112416e-01
1.227291684109635128e-01
1.218035983448564896e-01
1.209260581449032035e-01
1.200956383083269241e-01
1.193115263141915905e-01
1.185729926055671679e-01
1.178793776447095709e-01
1.172300799958087836e-01
1.166245453914174779e-01
1.160622567402156413e-01
1.155427250352802082e-01
1.150654811234723685e-01
1.146300682979485008e-01
1.142360356771093266e-01
1.138829323345446343e-01
1.135703021456671291e-01
1.132976793177976893e-01
1.130645845714284281e-01
1.128705219412750871e-01
1.127149761665187377e-01
1.125974106403440644e-01
1.125172658895107480e-01
1.124739585552400334e-01
1.124668808471830372e-01
1.124954004426517162e-01
1.125588608036608151e-01
