2.419094011709161107e-01
2.399934583097064755e-01
2.381101730833810048e-01
2.362548416090023695e-01
2.344232159109965463e-01
2.326114821271407784e-01
2.308162393806571233e-01
2.290344792860877221e-01
2.272635660547527303e-01
2.255012171648316244e-01
2.237454845613256749e-01
2.219947363521190542e-01
2.202476389679580981e-01
2.185031397562317568e-01
2.167604499808712115e-01
2.150190282033661582e-01
2.132785640227405910e-01
2.115389621552475341e-01
2.098003268374934449e-01
2.080629465395962829e-01
2.063272789778081429e-01
2.045939364187436271e-01
2.028636712699238565e-01
2.011373619537741020e-01
1.994159990644734926e-01
1.977006718091527393e-01
1.959925547368997212e-01
1.942928947608101309e-01
1.926029984800052830e-01
1.909242198100700172e-01
1.892579479318011737e-01
1.876055955695096200e-01
1.859685876113808256e-01
1.843483500856114288e-01
1.827462995071996998e-01
1.811638326113805819e-01
1.796023164907830094e-01
1.780630791544336178e-01
1.765474005277496150e-01
1.750565039136332823e-01
1.735915479357111602e-01
1.721536189856145704e-01
1.707437241969901875e-01
1.693627849695864551e-01
1.680116310673382130e-01
1.666909953147455159e-01
1.654015089160814356e-01
1.641436974219580847e-01
1.629179773675583642e-01
1.617246536063338958e-01
1.605639173621848381e-01
1.594358450220139389e-01
1.583403976890956355e-01
1.572774215158720956e-01
1.562466488326106073e-01
1.552477000857627742e-01
1.542800865969232160e-01
1.533432141499367074e-01
1.524363874100142791e-01
1.515588151746560253e-01
1.507096164518372805e-01
1.498878273562578300e-01
1.490924088095917921e-01
1.483222550256149130e-01
1.475762027559165412e-01
1.468530412666648743e-01
1.461515230116926523e-01
1.454703749620531172e-01
1.448083105472547372e-01
1.441640421587282450e-01
1.435362941617419619e-01
1.429238163581129095e-01
1.423253978386953555e-01
1.417398811618728605e-01
1.411661767922087751e-01
1.406032777320858629e-01
1.400502742786648436e-01
1.395063688388484824e-01
1.389708907362153800e-01
1.384433109461060685e-01
1.379232566982198094e-01
1.374105258902132976e-01
1.369051012608948348e-01
1.364071642776150117e-01
1.359171086993578026e-01
1.354355537847673208e-01
1.349633571228268936e-01
1.345016270730561569e-01
1.340517348118338004e-01
1.336153259916212921e-01
1.331943320303987655e-01
1.327909810593499162e-01
1.324078085676282934e-01
1.320476677937345578e-01
1.317137399235189521e-01
1.314095441648709950e-01
1.311389477786830682e-01
1.309061761544264568e-01
1.307158230265647036e-01
1.305728609348266733e-01
1.304826520369027354e-01
1.304509593862660521e-01
1.304839587903223741e-01
1.305882513648191079e-01
1.307708768991573955e-01
1.310393281437755020e-01
1.314015661248639222e-01
1.318660365831129666e-01
1.324416876217050509e-01
1.331379886340863239e-01
1.339649505638479954e-01
1.349331475270137970e-01
1.360537398007091170e-01
1.373384981512605352e-01
1.387998294386731946e-01
1.404508033926882282e-01
1.423051804076810312e-01
1.443774401488457926e-01
1.466828106998342429e-01
1.492372979114767739e-01
1.520577145317664192e-01
1.551617086080631092e-01
1.585677905527806963e-01
1.622953581528596700e-01
1.663647186804056433e-01
1.707971071264099416e-01
1.756146994309666365e-01
1.808406194216843899e-01
1.864989379970543870e-01
1.926146629039291458e-01
1.992137172589100169e-01
2.063229047540574290e-01
2.139698592703698499e-01
2.221829764014793263e-01
2.309913241696911201e-01
2.404245300030961596e-01
2.505126408438660413e-01
2.612859530839563016e-01
2.727748088872957721e-01
2.850093553717357731e-01
2.980192631066914677e-01
3.118334004534800141e-01
3.264794604574901005e-01
3.419835373198616413e-01
3.583696499588238105e-01
3.756592108465743318e-01
3.938704392065143778e-01
4.130177188072483019e-01
4.331109020210524019e-01
4.541545635479585230e-01
4.761472092571099601e-01
4.990804479688143447e-01
5.229381366832532851e-01
5.476955127258407163e-01
5.733183294723895873e-01
5.997620156599196006e-01
6.269708816706741628e-01
6.548773994539727195e-01
6.834015857451665177e-01
7.124505207430548159e-01
7.419180361789809997e-01
7.716846074957787183e-01
8.016174843896345381e-01
8.315710920005723317e-01
8.613877313471034469e-01
8.908986020235217795e-01
9.199251626325681830e-01
9.482808349381699475e-01
9.757730464499962952e-01
1.002205593398131533e+00
1.027381292280591385e+00
1.051104873974988418e+00
1.073186060531747810e+00
1.093442752033440879e+00
1.111704240175280800e+00
1.127814357332266759e+00
1.141634465568834411e+00
1.153046189888567330e+00
1.161953804352444886e+00
1.168286188569566786e+00
1.171998285229270742e+00
1.173072006233372377e+00
1.171516554756596218e+00
1.167368152144203641e+00
1.160689180737942916e+00
1.151566775247763630e+00
1.140110914953709642e+00
1.126452085775032419e+00
1.110738594253689149e+00
1.093133624221683586e+00
1.073812131120307933e+00
1.052957668686086645e+00
1.030759238363563313e+00
1.007408243927285785e+00
9.830956231356183794e-01
9.580092156296686756e-01
9.323314125847984579e-01
9.062371196311371779e-01
8.798920510022998354e-01
8.534513603397689829e-01
8.270586025188432222e-01
8.008450115634914157e-01
7.749290723302204587e-01
7.494163581857220535e-01
7.243996032949902020e-01
6.999589762116011915e-01
6.761625210017949694e-01
6.530667328907191482e-01
6.307172371349925033e-01
6.091495422498979240e-01
5.883898416205185500e-01
5.684558406997890501e-01
5.493575902703455860e-01
5.310983094821322137e-01
5.136751854672360063e-01
4.970801392006811703e-01
4.813005498705686391e-01
4.663199323150035713e-01
4.521185640669016514e-01
4.386740602252052756e-01
4.259618957569452635e-01
4.139558759506900554e-01
4.026285566144909289e-01
3.919516162688832517e-01
3.818961830568414761e-01
3.724331194060132022e-01
3.635332676607162528e-01
3.551676599764040931e-01
3.473076957594835590e-01
3.399252898596392125e-01
3.329929945967201599e-01
3.264840985437379439e-01
3.203727048032753988e-01
3.146337913160317523e-01
3.092432555350273504e-01
3.041779455930494480e-01
2.994156798888375492e-01
2.949352568226619731e-01
2.907164562267005037e-01
2.867400338616288291e-01
2.829877101890139746e-01
2.794421544799197132e-01
2.760869651836668215e-01
2.729066473567073325e-01
2.698865878396372042e-01
2.670130287699093996e-01
2.642730399281205678e-01
2.616544903361194829e-01
2.591460194548513285e-01
2.567370082680267007e-01
2.544175504836946322e-01
2.521784240388323939e-01
2.500110630515000598e-01
2.479075303302915589e-01
2.458604905211432268e-01
2.438631839465038031e-01
