1.262244135102362774e-01
1.275756768853304468e-01
1.290894433413420361e-01
1.307773837408688355e-01
1.326520774908025446e-01
1.347270914026595934e-01
1.370170639403589519e-01
1.395377949599855838e-01
1.423063409977576299e-01
1.453411161001653129e-01
1.486619981111043653e-01
1.522904402313392525e-01
1.562495875418318803e-01
1.605643980297976614e-01
1.652617674696358896e-01
1.703706572843232125e-01
1.759222242399390845e-01
1.819499504996208716e-01
1.884897721756435551e-01
1.955802040612103221e-01
2.032624576882983425e-01
2.115805492357258621e-01
2.205813930939373169e-01
2.303148760719701538e-01
2.408339063011936676e-01
2.521944298454732447e-01
2.644554068676174263e-01
2.776787379314130666e-01
2.919291296480723275e-01
3.072738874252775032e-01
3.237826215775922445e-01
3.415268515548700590e-01
3.605794916046151100e-01
3.810141998910925865e-01
4.029045720601848179e-01
4.263231596057510120e-01
4.513402933344047852e-01
4.780226929494251209e-01
5.064318455237053485e-01
5.366221386804240767e-01
5.686387389469725884e-01
6.025152123026522588e-01
6.382708927054608905e-01
6.759080156230088399e-01
7.154086474976325549e-01
7.567314587138377346e-01
7.998084068948866365e-01
8.445414188778499476e-01
8.907991828350877439e-01
9.384141856852941110e-01
9.871801537124256232e-01
1.036850074297428703e+00
1.087134991574910892e+00
1.137703776053365701e+00
1.188184065036847814e+00
1.238164554414330265e+00
1.287198790824206185e+00
1.334810564951312006e+00
1.380500941586640717e+00
1.423756881482479919e+00
1.464061317239721438e+00
1.500904445701406242e+00
1.533795899638747962e+00
1.562277370314916869e+00
1.585935178847685645e+00
1.604412246877291004e+00
1.617418903145116271e+00
1.624741986927200621e+00
1.626251773140209966e+00
1.621906344698789804e+00
1.611753168750644782e+00
1.595927784738150113e+00
1.574649671463099088e+00
1.548215514151639161e+00
1.516990228238295879e+00
1.481396203610064966e+00
1.441901304009822748e+00
1.399006187728172312e+00
1.353231508156961693e+00
1.305105510368573807e+00
1.255152469516338964e+00
1.203882327106853722e+00
1.151781781218912393e+00
1.099306985218526211e+00
1.046877913869589394e+00
9.948743716258358072e-01
9.436335489999622128e-01
8.934489810064702997e-01
8.445707268560963543e-01
7.972065711192239945e-01
7.515240413484767235e-01
7.076530430261810389e-01
6.656889268874952581e-01
6.256958234762559634e-01
5.877101028183301379e-01
5.517438413425514998e-01
5.177882020757186288e-01
4.858166565493453604e-01
4.557879970350261489e-01
4.276491052554847183e-01
4.013374584452663596e-01
3.767833656006260301e-01
3.539119361403382236e-01
3.326447902607543305e-01
3.129015253160833954e-01
2.946009559082449769e-01
2.776621473403220186e-01
2.620052629609386230e-01
2.475522459593448854e-01
2.342273555828539300e-01
2.219575767239074793e-01
2.106729205137531369e-01
2.003066320828761071e-01
1.907953200970693430e-01
1.820790211213877963e-01
1.741012103519602450e-01
1.668087688218635178e-01
1.601519158538062537e-01
1.540841143114265455e-01
1.485619550975918468e-01
1.435450263619642564e-01
1.389957720072915182e-01
1.348793433180140999e-01
1.311634468678971599e-01
1.278181912868078807e-01
1.248159349714987876e-01
1.221311364024489365e-01
1.197402083700249142e-01
1.176213771104905881e-01
1.157545470984395752e-01
1.141211720304467492e-01
1.127041323592021249e-01
1.114876195928681257e-01
1.104570274562738375e-01
1.095988499148015105e-01
1.089005859849651592e-01
1.083506511946893403e-01
1.079382955086573004e-01
1.076535274975505274e-01
1.074870445027485411e-01
1.074301685284791419e-01
1.074747875801979613e-01
1.076133021600191308e-01
1.078385766263572076e-01
1.081438951248132607e-01
1.085229218000627882e-01
1.089696650035483771e-01
1.094784452186604307e-01
1.100438664334350281e-01
1.106607907002631064e-01
1.113243156324317806e-01
1.120297545982377740e-01
1.127726193847800595e-01
1.135486051151048670e-01
1.143535772140840678e-01
1.151835602300473466e-01
1.160347283307244654e-01
1.169033973033398732e-01
1.177860178997028745e-01
1.186791703777617946e-01
1.195795601013102116e-01
1.204840140692864381e-01
1.213894782553936180e-01
1.222930156475376950e-01
1.231918048848570368e-01
1.240831393978732433e-01
1.249644269645650840e-01
1.258331896019484752e-01
1.266870637190812832e-01
1.275238004633217903e-01
1.283412661971982116e-01
1.291374430484199254e-01
1.299104294804563908e-01
1.306584408357235050e-01
1.313798098078568510e-01
1.320729868037943677e-01
1.327365401605539452e-01
1.333691561856470420e-01
1.339696389941100740e-01
1.345369101191437045e-01
1.350700078773965918e-01
1.355680864739810254e-01
1.360304148364215315e-01
1.364563751708688377e-01
1.368454612380911040e-01
1.371972763509246018e-01
1.375115310990484563e-01
1.377880408110566668e-01
1.380267227678492747e-01
1.382275931852595674e-01
1.383907639875643913e-01
1.385164393970068075e-01
1.386049123676681427e-01
1.386565608948742145e-01
1.386718442337860902e-01
1.386512990628400166e-01
1.385955356292256635e-01
1.385052339145944611e-01
1.383811398596382913e-01
1.382240616860398452e-01
1.380348663536061782e-01
1.378144761890827130e-01
1.375638657213154037e-01
1.372840587550162583e-01
1.369761257125201581e-01
1.366411812695724759e-01
1.362803823074794085e-01
1.358949261999348179e-01
1.354860494485841116e-01
1.350550266770144114e-01
1.346031699884430166e-01
1.341318286880345267e-01
1.336423893666011664e-01
1.331362763385465220e-01
1.326149524233982691e-01
1.320799200572417842e-01
1.315327227179040603e-01
1.309749466459392830e-01
1.304082228423967815e-01
1.298342293240931644e-01
1.292546936176865446e-01
1.286713954753340161e-01
1.280861697970866186e-01
1.275009097484924858e-01
1.269175700660845896e-01
1.263381705485370765e-01
1.257647997372265125e-01
1.251996187966895602e-01
1.246448656129539034e-01
1.241028591358754873e-01
1.235760040003361648e-01
1.230667954703772438e-01
1.225778247599490223e-01
1.221117847938557044e-01
1.216714764825721495e-01
1.212598155948083067e-01
1.208798403218906969e-01
1.205347196381659769e-01
1.202277625715900689e-01
1.199624285084232578e-01
1.197423386654060673e-01
1.195712888719371869e-01
1.194532638135503699e-01
1.193924528963793974e-01
1.193932679002895902e-01
1.194603625959449467e-01
1.195986545082419195e-01
1.198133490153052705e-01
1.201099659785609397e-01
1.204943691052924315e-01
1.209727982504782418e-01
1.215519048695564708e-01
1.222387908379467536e-01
1.230410508565413785e-01
1.239668186647137071e-01
1.250248172834163007e-01
