1.262244135102373876e-01
1.275756768853315570e-01
1.290894433413433129e-01
1.307773837408698347e-01
1.326520774908035993e-01
1.347270914026605926e-01
1.370170639403599511e-01
1.395377949599863054e-01
1.423063409977581295e-01
1.453411161001657015e-01
1.486619981111044764e-01
1.522904402313391414e-01
1.562495875418316027e-01
1.605643980297968842e-01
1.652617674696347794e-01
1.703706572843218248e-01
1.759222242399370306e-01
1.819499504996184847e-01
1.884897721756406686e-01
1.955802040612071024e-01
2.032624576882944845e-01
2.115805492357215045e-01
2.205813930939323764e-01
2.303148760719646027e-01
2.408339063011875059e-01
2.521944298454663613e-01
2.644554068676098768e-01
2.776787379314045734e-01
2.919291296480631681e-01
3.072738874252675112e-01
3.237826215775810867e-01
3.415268515548579020e-01
3.605794916046016763e-01
3.810141998910779870e-01
4.029045720601689418e-01
4.263231596057338590e-01
4.513402933343864665e-01
4.780226929494054700e-01
5.064318455236844763e-01
5.366221386804017612e-01
5.686387389469491627e-01
6.025152123026273898e-01
6.382708927054350223e-01
6.759080156229816394e-01
7.154086474976042442e-01
7.567314587138083137e-01
7.998084068948563274e-01
8.445414188778188613e-01
8.907991828350562136e-01
9.384141856852619146e-01
9.871801537123932047e-01
1.036850074297396507e+00
1.087134991574879139e+00
1.137703776053334837e+00
1.188184065036818060e+00
1.238164554414301843e+00
1.287198790824179984e+00
1.334810564951288026e+00
1.380500941586619845e+00
1.423756881482461933e+00
1.464061317239706561e+00
1.500904445701395140e+00
1.533795899638740412e+00
1.562277370314913316e+00
1.585935178847686089e+00
1.604412246877295667e+00
1.617418903145125375e+00
1.624741986927213278e+00
1.626251773140227286e+00
1.621906344698810898e+00
1.611753168750669207e+00
1.595927784738178312e+00
1.574649671463130396e+00
1.548215514151672911e+00
1.516990228238332072e+00
1.481396203610102713e+00
1.441901304009862717e+00
1.399006187728212947e+00
1.353231508157003438e+00
1.305105510368615995e+00
1.255152469516381153e+00
1.203882327106895467e+00
1.151781781218953471e+00
1.099306985218566624e+00
1.046877913869628696e+00
9.948743716258736658e-01
9.436335489999987391e-01
8.934489810065051607e-01
8.445707268561295500e-01
7.972065711192555248e-01
7.515240413485062554e-01
7.076530430262084614e-01
6.656889268875207932e-01
6.256958234762796112e-01
5.877101028183520093e-01
5.517438413425712618e-01
5.177882020757366144e-01
4.858166565493614586e-01
4.557879970350406929e-01
4.276491052554974859e-01
4.013374584452776284e-01
3.767833656006356891e-01
3.539119361403465502e-01
3.326447902607612694e-01
3.129015253160890575e-01
2.946009559082494733e-01
2.776621473403251272e-01
2.620052629609405104e-01
2.475522459593456903e-01
2.342273555828538745e-01
2.219575767239063413e-01
2.106729205137511940e-01
2.003066320828733871e-01
1.907953200970659569e-01
1.820790211213834664e-01
1.741012103519556098e-01
1.668087688218582998e-01
1.601519158538006471e-01
1.540841143114204392e-01
1.485619550975855740e-01
1.435450263619573730e-01
1.389957720072846348e-01
1.348793433180067725e-01
1.311634468678898324e-01
1.278181912868002756e-01
1.248159349714910715e-01
1.221311364024409429e-01
1.197402083700169761e-01
1.176213771104824835e-01
1.157545470984315816e-01
1.141211720304388111e-01
1.127041323591943534e-01
1.114876195928606317e-01
1.104570274562663990e-01
1.095988499147942941e-01
1.089005859849581093e-01
1.083506511946827344e-01
1.079382955086508056e-01
1.076535274975443102e-01
1.074870445027428789e-01
1.074301685284737573e-01
1.074747875801928543e-01
1.076133021600143569e-01
1.078385766263529333e-01
1.081438951248090974e-01
1.085229218000588469e-01
1.089696650035445469e-01
1.094784452186570445e-01
1.100438664334317251e-01
1.106607907002601920e-01
1.113243156324289496e-01
1.120297545982353316e-01
1.127726193847776726e-01
1.135486051151029796e-01
1.143535772140823470e-01
1.151835602300458894e-01
1.160347283307232857e-01
1.169033973033389989e-01
1.177860178997021806e-01
1.186791703777613921e-01
1.195795601013100729e-01
1.204840140692864103e-01
1.213894782553939511e-01
1.222930156475381669e-01
1.231918048848576475e-01
1.240831393978741315e-01
1.249644269645663053e-01
1.258331896019497242e-01
1.266870637190823379e-01
1.275238004633230671e-01
1.283412661971993218e-01
1.291374430484210079e-01
1.299104294804570292e-01
1.306584408357241156e-01
1.313798098078573784e-01
1.320729868037947563e-01
1.327365401605543893e-01
1.333691561856472085e-01
1.339696389941101295e-01
1.345369101191436767e-01
1.350700078773963142e-01
1.355680864739806923e-01
1.360304148364210874e-01
1.364563751708684491e-01
1.368454612380903268e-01
1.371972763509238247e-01
1.375115310990474571e-01
1.377880408110555566e-01
1.380267227678482200e-01
1.382275931852587347e-01
1.383907639875633921e-01
1.385164393970057528e-01
1.386049123676672545e-01
1.386565608948733264e-01
1.386718442337855350e-01
1.386512990628394615e-01
1.385955356292251084e-01
1.385052339145941280e-01
1.383811398596377362e-01
1.382240616860392901e-01
1.380348663536055120e-01
1.378144761890822689e-01
1.375638657213146265e-01
1.372840587550152591e-01
1.369761257125192699e-01
1.366411812695714767e-01
1.362803823074785203e-01
1.358949261999339297e-01
1.354860494485832234e-01
1.350550266770133012e-01
1.346031699884420174e-01
1.341318286880336386e-01
1.336423893666002227e-01
1.331362763385454673e-01
1.326149524233972699e-01
1.320799200572406740e-01
1.315327227179031166e-01
1.309749466459385614e-01
1.304082228423960044e-01
1.298342293240923873e-01
1.292546936176859895e-01
1.286713954753334888e-01
1.280861697970862578e-01
1.275009097484920972e-01
1.269175700660844230e-01
1.263381705485369377e-01
1.257647997372266790e-01
1.251996187966896990e-01
1.246448656129543475e-01
1.241028591358759314e-01
1.235760040003369142e-01
1.230667954703780764e-01
1.225778247599501047e-01
1.221117847938567591e-01
1.216714764825734263e-01
1.212598155948095835e-01
1.208798403218922513e-01
1.205347196381675867e-01
1.202277625715917342e-01
1.199624285084252562e-01
1.197423386654080657e-01
1.195712888719391853e-01
1.194532638135521463e-01
1.193924528963812293e-01
1.193932679002911446e-01
1.194603625959462789e-01
1.195986545082432517e-01
1.198133490153064917e-01
1.201099659785621609e-01
1.204943691052935417e-01
1.209727982504794630e-01
1.215519048695574700e-01
1.222387908379478638e-01
1.230410508565427108e-01
1.239668186647150394e-01
1.250248172834175220e-01
